56.8409
36.7093
46.7880
61.8894
41.9811
40.9403
48.8664
58.5882
42.7362
51.5120
29.4900
25.0456
47.3471
59.1928
78.2701
38.8883
27.9067
22.6796
47.4430
71.9640
49.0291
43.8099
60.3268
46.5527
37.8224
51.9001
43.4991
71.2410
41.7386
49.3460
46.2190
82.0689
64.7555
58.1903
54.3395
37.3907
67.5452
64.4814
32.3684
58.9505
57.2989
38.1097
66.7756
42.5142
31.1067
53.0615
51.4076
31.9491
61.3673
32.2103
44.0584
46.1077
54.8998
43.2919
69.0287
64.6592
23.2562
63.3520
66.8551
36.4911
45.9087
52.3143
46.9278
33.0270
37.5938
76.1715
41.3564
35.9530
36.4946
54.7409
34.5869
40.2943
56.7222
38.1872
67.9651
63.0170
63.4510
35.0192
53.9348
38.1565
47.1853
35.7639
40.6224
45.4358
45.4250
36.4088
36.8756
43.9410
33.9611
33.9828
46.9749
29.0429
74.1172
36.4247
53.3840
65.7230
53.8360
64.4888
37.1222
39.5056
36.5115
67.0691
36.6622
39.5002
49.1672
57.1346
16.8633
26.8588
51.7343
40.6229
57.9672
75.5245
56.4991
41.9791
37.5127
63.5473
60.6712
55.9896
57.7687
32.7179
33.4225
58.8347
46.1788
28.3778
39.7183
48.8052
23.5989
40.3325
57.0472
55.0865
44.9463
51.2571
52.3200
29.7525
51.7007
41.3665
55.8442
40.5718
60.2469
60.6795
26.3633
51.5719
51.4226
42.7927
38.2230
46.5626
47.9691
50.7440
45.4869
47.8318
42.9065
55.8109
48.2225
36.5369
43.9377
34.1802
44.0276
69.9019
51.8505
71.2879
63.8824
50.9437
36.8328
46.6315
62.1396
51.2473
37.4065
58.7990
60.9309
72.2810
55.9992
46.7630
30.1349
66.2596
49.9517
63.5250
31.8092
50.5286
54.6387
36.0791
41.4031
53.5767
48.9868
40.6471
70.8023
56.2949
47.8300
51.7883
35.4209
66.3722
56.2687
45.9257
59.9457
45.8822
57.8152
36.2187
35.5331
52.6715
58.8863
60.0821
47.0659
51.4195
58.6536
34.4900
48.7835
29.6778
50.6500
44.6689
49.2492
52.2275
47.7749
63.9516
47.8556
29.7794
48.8059
26.7563
39.3893
58.2137
36.6993
34.0663
70.9780
49.0819
28.7058
48.0938
57.9974
27.8110
54.1137
51.5772
58.6422
59.8099
34.4142
57.2387
53.4670
48.3384
43.3462
37.8403
48.8952
58.3750
51.3848
28.6004
47.9257
74.2366
62.3545
31.8771
27.0005
52.8193
49.1629
51.8216
46.0985
62.8867
40.7769
34.2644
26.1209
53.1670
37.4023
40.4910
59.8550
32.0080
49.7499
68.2926
31.8110
24.8010
68.4376
48.2600
32.5319
67.9094
67.1925
34.9823
34.0610
55.6480
26.8152
48.7245
40.6899
40.9605
38.1169
65.9725
42.1935
53.2733
46.2255
81.5051
68.4512
46.4474
71.7384
63.9134
65.0765
54.2184
43.8010
68.4376
38.2499
41.4395
40.7669
59.4398
53.0114
58.1560
61.2056
51.5553
45.6361
62.3759
71.9468
42.3632
38.2108
54.9780
39.4839
40.7014
67.4307
47.0284
50.7066
52.8880
47.6320
50.7776
46.1925
72.1798
67.9688
26.1665
63.4636
57.9974
46.6085
43.4029
44.9196
56.4591
56.5806
44.5927
68.6837
50.6942
45.2026
51.6713
41.7684
48.2545
55.7849
59.4187
65.2913
33.4987
47.6669
23.3904
54.9293
51.0811
46.9307
55.4330
56.0821
40.7560
27.8516
47.0338
42.2780
68.7347
34.8515
48.1500
64.2053
47.1967
61.6897
41.4903
27.3912
38.8517
59.2282
48.2147
48.3009
64.2544
50.1295
27.7160
26.2147
53.8408
41.2804
51.9577
38.4688
51.8969
55.6232
52.7564
46.8122
39.5141
47.3383
62.3109
45.3130
42.6002
24.1081
40.4908
48.8431
74.7916
40.3879
52.2731
33.8037
17.6958
36.0330
41.4218
69.2931
29.3491
42.9713
55.7044
54.1591
45.3688
57.6205
67.8534
52.4207
61.6093
61.0649
48.9062
54.4407
59.7206
33.4591
59.0378
54.3963
27.7130
23.0209
52.7732
38.8031
64.3796
49.5569
40.6285
49.7389
52.8999
39.9284
62.1176
51.3929
43.0871
62.5178
78.8977
54.7517
43.5876
34.5519
50.1567
37.2889
41.9453
41.7081
59.7505
59.0202
49.0554
50.0417
47.7567
31.3980
46.2763
43.0786
55.8776
78.8931
62.6510
67.7122
51.3729
42.2885
37.1473
35.6270
26.7189
71.2434
46.4032
51.1315
62.4182
39.5415
50.7243
65.3658
30.4428
62.0767
89.0189
51.9632
37.4836
43.8101
37.8872
31.1138
64.5597
38.5233
39.0144
46.0530
53.7924
23.1915
50.0447
57.8335
55.1646
67.9098
44.4832
44.6311
41.4385
44.1861
43.1732
32.6470
22.9972
49.5311
53.5915
55.8354
43.6364
51.9430
34.9089
27.0933
66.6887
36.5157
75.0943
53.2255
44.6017
28.7914
51.7125
46.9844
42.7263
56.8687
55.6664
26.7932
32.7032
44.4996
25.0984
52.5357
58.9279
44.0835
28.8853
37.5950
23.5415
20.9826
42.7143
38.7350
56.8339
54.7526
58.4914
44.3663
33.4396
47.2248
32.7250
61.0551
42.6605
38.1050
48.6195
