1744.5826416
1967.0806108
1877.65303548
1819.51187232
1788.28732374
1771.20395556
1755.77356958
1744.16951784
1735.35884754
1728.20875365
1723.17762318
1718.82884972
1714.65070639
1711.07480301
1707.54908092
1704.80286776
1702.46085334
1700.35111634
1698.62194622
1697.19490283
1695.80821782
1694.671293
1693.29629448
1692.07933461
1690.96293013
1690.03751547
1689.10560579
1688.40313968
1687.65696548
1686.94681552
1686.14310777
1685.56442486
1684.98312159
1684.33897561
1683.79758272
1683.33919062
1682.87355274
1682.5439236
1682.16215647
1680.7863393
1665.99987793
1665.68724476
1666.79828753
1667.01823573
1667.21241128
1667.20126044
1666.7567659
1666.23288093
1666.44924437
1666.67204804
1666.57211213
1666.53345936
1666.42793211
1666.52607832
1666.61397125
1666.5662478
1666.62008458
1666.66940218
1666.53560946
1666.61316557
1666.43186047
1666.50260629
1666.50434482
1666.58440713
1666.65481605
1666.82069816
1666.80818732
1666.84345946
1667.02915222
1666.97729282
1666.92536232
1667.06405944
1667.15320243
1667.22827849
1667.29293438
1667.38018781
1667.29806899
1667.30624447
1667.25497861
1666.37659055
1686.98339844
1670.74068936
1670.96275693
1671.60121598
1671.09135028
1670.36691942
1669.49953573
1668.97969335
1668.48471861
1668.44569347
1668.21556288
1668.02483526
1667.81572831
1667.72838703
1667.51700413
1667.61882696
1667.62014372
1667.62022498
1668.00290743
1668.18112294
1668.54735417
1668.493915
1668.38287713
1668.29379048
1668.24865317
1668.21647638
1668.1680043
1668.00764809
1667.96688289
1667.96876384
1668.04920691
1668.41343095
1668.51551282
1668.77000478
1668.82487098
1668.95210184
1669.15238365
1669.27840027
1669.28608603
1668.29543777
1670.86474609
1668.71577592
1671.61095029
1670.99112824
1669.29491592
1668.5654991
1668.71444752
1669.35685279
1669.71087873
1669.67166976
1669.73730106
1672.61241356
1672.63205082
1672.9915259
1672.67276326
1672.71341286
1672.93140103
1672.70672001
1672.60992398
1672.77582778
1672.54725396
1672.3968072
1672.48091892
1672.27769728
1672.29935338
1672.16712642
1671.99391192
1671.89520692
1671.76692998
1671.76170365
1672.21862712
1672.15753704
1671.9917863
1671.68927905
1671.61983618
1671.44460094
1671.32168334
1671.24472465
1671.07194331
1670.02336016
1675.25598145
1665.79507724
1665.6002546
1666.93257781
1667.23734637
1666.37461703
1666.13097144
1666.14503329
1665.76834219
1665.93780182
1665.58441827
1666.1032198
1666.62785806
1666.75102968
1666.60446708
1666.9470231
1667.00698834
1667.24433979
1667.44084648
1667.399632
1667.3253186
1667.50238645
1667.40110648
1667.34912057
1667.35252741
1667.2681306
1667.2438586
1667.19672104
1667.151534
1667.12441146
1666.99967394
1667.05781226
1667.04992752
1666.90984978
1666.88271191
1666.86786776
1666.89992027
1666.84964754
1666.92560631
1665.81037633
1669.15002441
1665.24756969
1664.9951695
1665.96393413
1667.76720894
1667.89618758
1668.53916056
1668.41428429
1668.34598193
1668.25206312
1668.49764561
1668.46233966
1668.26671859
1668.12980547
1668.02349637
1668.09035871
1667.93404412
1668.00537752
1667.68122248
1667.68914252
1667.51595174
1667.66945384
1667.67475498
1667.82944029
1667.77975173
1667.80725584
1667.62530588
1667.48364798
1667.28722971
1667.51215418
1667.44019974
1667.31474829
1667.2894675
1667.49531965
1667.48165867
1667.40142422
1667.36515525
1667.36446543
1667.32044963
1666.28463617
1664.24743652
1665.84100897
1666.32859003
1667.46995889
1667.34142769
1666.66916312
1667.0074703
1666.66771429
1666.24998794
1666.4661503
1666.54144831
1666.42785535
1666.30548045
1666.51902713
1666.32018437
1666.34271523
1666.39001692
1666.29507678
1666.34451884
1666.50188282
1666.5294736
1666.52118701
1666.72853441
1666.61649154
1667.40101719
1667.63795015
1667.62769022
1667.88569985
1668.07738215
1668.04920315
1668.01086304
1667.90095348
1667.75726794
1667.66519654
1667.58011858
1667.62730751
1667.67091771
1667.70052237
1667.70057017
1666.69716984
1661.08532715
1663.51651278
1664.81569127
1665.65726988
1665.62627727
1665.33104033
1665.49932561
1665.83923684
1666.34143519
1666.22204992
1666.53560586
1666.46535073
1666.50479706
1666.72143368
1666.88038235
1666.99867663
1666.88297172
1666.88523249
1666.86777829
1666.78223295
1666.73953232
1666.66178077
1666.7718307
1666.64150908
1666.68888887
1666.78238122
1666.77111442
1666.68789549
1666.75808966
1667.10697051
1667.50576042
1667.61200599
1667.42058699
1667.35491814
1667.36131166
1667.3627721
1667.37750498
1667.51358764
1667.66013574
1666.73280055
1660.86083984
1663.3610285
1667.06722586
1666.85399209
1666.91592333
1666.72063371
1666.520828
1666.39846501
1666.66690327
1667.15009953
1667.29634563
1667.51633323
1667.44494528
1667.25307412
1667.40699021
1667.66539476
1667.58020474
1667.38741976
1667.39714666
1667.2295005
1667.03826935
1667.21685531
1667.10637406
1667.35681786
1667.28046693
1667.26344378
1667.35466103
1667.29732544
1667.22078132
1667.13877381
1667.04760418
1666.99702831
1666.97101229
1666.902485
1666.90277619
1666.88784138
1666.95562457
1666.96082991
1667.02810853
1665.98695508
1660.73815918
1670.80538663
1667.57109724
1666.86773091
1667.62628323
1666.50608915
1666.447914
1666.39075395
1666.08284505
1666.07583115
1666.0807344
1666.45587433
1666.42824687
1666.52498435
1666.74387484
1666.77666226
1666.43606776
1666.22694513
1666.29819552
1666.27405233
1666.18289837
1666.30977801
1666.39113648
1666.37994675
1666.38730023
1666.6741744
1666.57496193
1666.67181599
1666.78296811
1666.79526879
1666.8969244
1666.76381122
1666.74839255
1666.66344035
1666.77559252
1666.7073759
1666.99444969
1667.36841248
1667.55728974
1666.76023352
1677.78405762
1669.39824885
1667.28404599
1666.34728216
1666.77546208
1666.67254758
1667.60038582
1667.754018
1667.48123583
1667.57188063
1666.97124459
1666.85487269
1666.81608443
1666.91143566
1667.34799822
1667.26528547
1667.36405841
1667.43969013
1667.41352768
1667.30172266
1667.24935199
1667.17307603
1667.0865114
1667.1106644
1667.21603406
1667.29941902
1667.08796733
1667.09012573
1667.05106796
1666.96521877
1666.91993161
1667.08089808
1667.16137125
1667.38258717
1667.49592514
1667.5391091
1667.5145382
1667.46597627
1667.42256737
1666.38741605
1676.10107422
1669.7023038
1669.0382952
1667.52785172
1667.38846644
1667.23184982
1666.63597432
1666.81098874
1667.01393259
1666.70194588
1666.77226877
1667.34444943
1667.55200094
1667.54313275
1667.35223692
1667.5232839
1667.63582331
1667.59661687
1667.71971375
1667.76728733
1667.50891721
1667.49191096
1667.31434597
1667.29336508
1667.20690513
1667.14127183
1667.15255468
1667.15300275
1667.10831025
1667.0365653
1667.01084722
1667.14274533
1667.08581657
1667.03696407
1666.91224111
1666.85790737
1666.84435426
1666.9251097
1666.87064071
1666.09813566
1657.64318848
1696.27615634
1703.41080148
1700.60071195
1694.2958508
1690.00203451
1687.14538774
1685.11693648
1682.94664774
1681.4113689
1679.94914986
1678.66209068
1677.65805382
1676.79236958
1675.87789679
1675.08442334
1674.64585886
1674.12041558
1673.56529548
1673.17998852
1672.91226667
1672.65637496
1672.37646098
1671.99174255
1671.88135829
1671.6886317
1671.52232951
1671.2434582
1671.15629083
1670.88447115
1670.8031821
1670.68403964
1670.63800448
1670.51236672
1670.35537926
1670.20594792
1670.16994487
1670.11728029
1670.02132738
1668.93323648
1660.41589355
1662.40643865
1664.05672201
1663.86961316
1664.36103039
1664.68525008
1664.60425805
1665.58699659
1665.94571337
1666.24388307
1666.3790392
1666.90411322
1666.89922743
1666.99018592
1666.81193726
1666.88147862
1666.8237608
1666.78837791
1666.8402565
1667.02709002
1667.07056393
1666.95423694
1667.06768716
1667.06322185
1667.01878363
1667.12067891
1666.97327362
1666.89368216
1666.98390279
1666.85460797
1666.8022688
1666.79470521
1666.81076059
1666.81374431
1666.87513782
1666.84895764
1666.77158007
1666.75311526
1666.71510583
1665.63947305
1670.72521973
1666.7027033
1666.50707427
1669.67626559
1669.54901272
1668.06825885
1667.99487305
1668.03618955
1667.72964591
1667.13066889
1667.22430722
1667.09805765
1666.65695922
1666.75366584
1666.78260143
1667.00130316
1667.27796244
1667.13592636
1667.34805686
1667.29958547
1667.31141108
1667.17965915
1666.92531341
1666.83067051
1666.75622559
1666.6301858
1666.47227975
1666.54322956
1666.45043902
1666.46742946
1666.54778911
1666.60976712
1666.80056183
1666.88925383
1666.96723611
1667.00812446
1667.0130551
1667.04174574
1667.01823205
1666.21313789
1659.61730957
1665.22813832
1666.28257533
1666.91939422
1666.8409007
1667.33907543
1667.13357494
1666.73170837
1666.69739824
1666.68674075
1666.71272504
1666.79918334
1666.80536948
1666.57629674
1666.72259651
1666.56043855
1666.57123523
1666.56242647
1666.54792507
1666.47461385
1666.66565731
1666.722857
1666.81629965
1666.94236379
1667.06699989
1667.10478593
1666.887975
1666.9075707
1666.9083795
1666.85662527
1666.86531832
1666.79153138
1666.78664733
1666.76418966
1666.80647739
1666.70562866
1666.72080863
1666.82675854
1666.7519464
1665.76329965
1661.39746094
1662.24638228
1668.30750093
1666.91315288
1667.5193675
1668.69518086
1668.52357958
1667.80918175
1667.48525662
1667.43314303
1667.37369228
1668.42380943
1668.70568545
1668.61685763
1668.37182184
1667.89092007
1667.65517032
1667.69287538
1667.71285556
1667.94079845
1667.81028209
1667.79963923
1667.72698229
1667.63493314
1667.53801452
1667.70171949
1667.53139358
1667.48900196
1667.44067643
1667.50908941
1667.4991812
1667.37403325
1667.3064927
1667.2534117
1667.23826049
1667.21880773
1667.21563366
1667.14922717
1667.11353949
1666.16067711
1667.60742188
1666.23090154
1668.33704195
1667.55133254
1667.8976098
1667.4574932
1667.60244501
1668.71851961
1668.68200533
1668.2287155
1667.97729855
1668.36249714
1668.46216728
1668.67516344
1668.47548811
1668.4883823
1668.37590529
1668.38025117
1668.34600324
1668.06100128
1668.31162425
1668.24928204
1668.01303777
1667.88456746
1667.84448394
1667.89454389
1667.94987961
1667.88481517
1667.81830985
1667.65469455
1667.57169623
1667.59340341
1667.49060325
1667.52872635
1667.38133441
1667.33864148
1667.27478332
1667.29241894
1667.2434207
1666.30337414
1669.82958984
1672.14276678
1669.80561175
1671.8518027
1670.98810559
1671.10836493
1671.13403921
1670.69510103
1670.05852593
1669.75355614
1670.08949083
1670.00442752
1669.74606651
1670.15272953
1669.65812001
1669.49108806
1669.08341876
1669.01451066
1668.92770133
1668.83338681
1668.66577027
1668.23563794
1667.85653479
1667.60184152
1667.38343855
1667.26540323
1667.38058998
1667.7128127
1667.71310001
1667.51965248
1667.39134891
1667.18567719
1667.11965819
1667.28158671
1667.4029609
1667.42040459
1667.41415346
1667.30667353
1667.20968892
1666.05346422
1660.84362793
1664.70038397
1665.37940034
1670.51206921
1669.23048661
1668.34191895
1668.08210929
1668.10189432
1667.9181285
1667.59507399
1666.70903755
1666.94831037
1666.87682702
1666.60427414
1666.20115456
1665.82246934
1665.73671557
1665.80228179
1665.62460816
1665.57435935
1665.53162654
1665.22181854
1665.2800663
1665.15053965
1665.20082542
1665.09204928
1665.08201395
1664.7694317
1664.63354709
1664.43132391
1664.22991274
1664.2231987
1664.15440373
1664.08621704
1664.04646655
1663.94887758
1663.97774499
1664.55105599
1664.76919804
1663.75122113
1666.36962891
1664.88237971
1662.60635231
1667.50048828
1666.61507955
1670.22228046
1669.90360448
1668.96114725
1668.21477895
1667.80437897
1667.22796087
1666.79652199
1666.33229759
1666.16016836
1665.91304178
1665.49475178
1664.96528654
1665.81552249
1665.55008525
1665.33649289
1664.98031267
1664.79088661
1664.71435823
1664.59127319
1665.01324792
1665.03747315
1665.1164808
1664.97106348
1664.85969082
1664.8075442
1664.78239608
1664.7853215
1664.64804239
1664.54839258
1664.55056861
1664.55349323
1664.52641689
1664.49427948
1664.49958028
1663.44438496
1666.2980957
1675.64602939
1669.77484422
1666.7977925
1667.74456638
1667.95083439
1667.88512383
1666.78309997
1666.48533499
1665.92028004
1665.61287999
1665.24903883
1664.54235537
1664.42824688
1664.39346984
1664.08732878
1664.21861731
1664.11696263
1663.81327491
1663.50393821
1663.2364836
1662.98583348
1662.92778022
1662.71520838
1662.65114179
1662.52586967
1662.36878564
1662.27828608
1662.54069155
1662.58121199
1662.56037776
1662.28398265
1662.13852166
1662.21839116
1662.3674073
1662.42145036
1662.46600629
1662.41951881
1662.41322243
1661.37260844
1898.7598877
1689.65310946
1673.70059059
1670.92260348
1671.59415194
1671.8403823
1671.02859847
1669.76968771
1669.00297641
1668.2392444
1668.11579517
1667.10554133
1667.0798239
1666.59375093
1666.30625623
1666.11402176
1666.26284695
1667.1078916
1668.45970735
1669.35717262
1670.33033198
1670.23757023
1669.8643379
1669.77571139
1669.69130799
1669.68153704
1669.48771299
1669.2340669
1669.14290958
1669.08117927
1669.06899406
1668.98690551
1668.75313086
1668.67113778
1668.53342436
1668.41756324
1668.33263078
1668.33483755
1668.38075717
1667.37233543
1675.18579102
1669.56810414
1668.91609701
1668.12861486
1667.16660811
1666.7489636
1666.41157707
1666.31764415
1665.05264546
1665.50025085
1665.42656685
1664.73979008
1665.10409773
1665.25459394
1665.0928046
1665.03995095
1664.4018949
1664.34980212
1664.34012229
1664.05168559
1663.82963843
1664.15229515
1664.10371226
1664.15888112
1663.91563219
1663.88320497
1663.86994975
1663.75449363
1663.89763905
1663.8685286
1663.7360268
1663.61308735
1663.56178773
1663.36052342
1663.27591077
1663.2430246
1663.13120259
1662.93371319
1662.81864613
1661.63096602
1649.27832031
1658.00297408
1655.66937547
1655.32617188
1655.23643829
1654.86313764
1656.88665471
1656.41213516
1656.50949436
1656.90169852
1657.07112106
1657.4543721
1659.60358624
1659.20007883
1659.16499145
1658.83334815
1658.84679569
1658.7305744
1658.44069608
1658.63120322
1658.64537481
1658.3187927
1658.04729368
1657.91151171
1657.85660993
1657.75386977
1657.55509347
1657.43592164
1657.46162474
1657.375409
1657.25538285
1657.40121725
1657.27917138
1657.25207446
1657.25491431
1657.33884876
1657.16630406
1657.31408856
1657.72749581
1656.65969832
1658.02160645
1654.00132058
1655.15698823
1654.31498866
1654.5190519
1655.42632698
1655.00456263
1655.05102539
1655.04008277
1656.18667502
1656.56728491
1658.95536735
1660.64468459
1660.95904029
1660.65536954
1660.74205007
1660.34985882
1659.92397161
1659.5554179
1659.19322452
1659.08582393
1658.6497687
1658.376419
1658.16319374
1657.842623
1657.69987336
1657.50145455
1657.28392023
1657.00994417
1657.12184715
1657.05534571
1656.81507447
1656.67261503
1656.52735223
1656.64289851
1656.59420594
1656.6316973
1656.59771778
1656.39581347
1655.26818984
1655.1072998
1653.48403098
1656.1235119
1653.01186051
1652.81475086
1651.6365536
1652.05274838
1651.98949851
1652.30196428
1652.39754008
1652.44286747
1652.73840442
1652.74212798
1652.6351542
1652.86929126
1652.96033119
1652.80464277
1652.47035333
1652.4712575
1652.58407385
1652.49805841
1652.4070559
1652.29892479
1652.19583513
1651.94515497
1651.8095922
1651.84697808
1651.70158178
1651.75912226
1651.75048451
1652.00498339
1651.97320341
1651.83927143
1651.70300367
1651.74130365
1651.71019256
1651.78978748
1651.7723415
1651.75312705
1650.73329707
1657.8371582
1650.02515758
1648.80044992
1649.97512916
1650.05625357
1650.07969037
1651.10074603
1650.85954005
1651.10933431
1650.77732497
1651.16247921
1651.16632905
1651.11814288
1651.69261763
1651.64642983
1651.42878855
1651.28599785
1652.0361942
1651.77513097
1651.70290195
1651.69793185
1651.59338726
1651.62940116
1651.67081442
1651.66177305
1651.59039817
1651.59825257
1652.05540371
1652.74815244
1652.5891797
1652.63309638
1652.46542152
1652.36709205
1652.20955932
1652.16779871
1652.17269471
1652.01467887
1651.84425473
1651.72776943
1650.68597617
1648.20336914
1648.02967418
1650.03175572
1650.60809523
1650.44345167
1650.78872022
1650.47409508
1650.1404376
1650.44086221
1650.23659507
1649.99551241
1650.34442194
1650.48014794
1650.31046487
1650.67376319
1650.85279452
1651.26618834
1651.35235417
1651.32298591
1651.14171916
1651.22496891
1651.15593007
1651.28362236
1651.27943691
1651.14887209
1650.96221705
1650.87207592
1650.81623373
1650.74257196
1650.6254715
1650.6024612
1650.54225203
1650.51411642
1650.55387874
1650.64705034
1650.65160194
1650.52538521
1650.66532499
1651.09929795
1650.18547727
1650.27575684
1648.41687012
1648.12677293
1648.23791504
1648.29739901
1648.00008617
1647.52262303
1647.74121438
1648.69692503
1650.38135973
1651.62792969
1652.06341388
1651.78203488
1651.6874767
1651.88117537
1651.79391863
1651.63333187
1651.42821195
1651.17547102
1651.07247909
1650.9264997
1650.60454078
1650.74152965
1650.56070858
1650.4709113
1650.72907005
1651.65769426
1652.9801093
1653.35999056
1654.24293922
1654.2599611
1654.61330048
1654.5598019
1654.36887473
1654.20784672
1654.05833813
1654.06337106
1653.91534078
1654.05183375
1653.04251773
1641.1385498
1647.07998935
1648.26742118
1648.4158148
1647.67916051
1647.15340169
1647.00657979
1647.13816984
1646.49144905
1646.57753343
1646.1661945
1646.06234274
1645.76857789
1645.71873509
1645.41934356
1645.12305981
1644.97307553
1644.99828102
1644.94857805
1645.06025544
1645.14755386
1644.94065821
1644.93512653
1644.94689043
1645.01645467
1644.99089676
1644.83761328
1644.7078907
1644.59149148
1644.69570807
1644.55394616
1644.54361443
1644.53710101
1644.5325334
1644.56451076
1644.55639405
1644.62502232
1644.75074196
1644.69937606
1643.6723675
1627.77197266
1641.65401944
1640.03146508
1641.75772981
1642.46278046
1642.08725155
1642.58547723
1642.86712732
1643.00810637
1642.96361366
1643.29573165
1643.35460876
1643.35417642
1643.26675345
1643.22467431
1643.46794482
1643.3079
1643.29699778
1643.20061211
1643.4126213
1643.26008811
1643.2254899
1643.32447394
1643.22223561
1643.13344463
1643.16530801
1643.23099024
1643.1713633
1643.08509517
1643.07542309
1642.97126076
1642.91600071
1642.87415083
1642.85728505
1642.91204387
1642.89729609
1642.88821436
1642.98134759
1642.97925606
1642.12134156
1642.08105469
1643.18713379
1643.49744234
1643.75481193
1643.61111673
1642.45767032
1642.98060283
1643.16258562
1643.64610309
1643.4352853
1643.05521325
1642.95868415
1642.93771993
1642.66546398
1642.50676754
1642.39939385
1642.50643712
1642.34660259
1642.30333866
1642.5480989
1642.66802644
1642.71128346
1642.67946269
1642.47490583
1642.18581128
1642.21341976
1642.23296207
1642.10862276
1642.13138371
1642.10573764
1642.05066486
1642.06223584
1642.06991397
1642.18859826
1642.27398986
1642.14796278
1642.11103529
1642.20753829
1642.22985487
1641.25586031
1634.30944824
1640.98059082
1641.35564895
1640.78820407
1640.12822147
1639.83879059
1640.16317799
1640.35061688
1640.66914876
1641.04131879
1640.82833893
1641.01323638
1640.61238035
1640.57546834
1640.53953173
1640.40195086
1640.2794978
1640.5212902
1640.62789125
1640.84208
1641.02379885
1640.88468058
1641.12808656
1641.2394396
1641.31986221
1641.47375245
1641.45573525
1641.41692192
1641.22006671
1641.18487528
1641.28419915
1641.23052449
1641.22709489
1641.07795941
1641.17974621
1641.0917614
1641.00939062
1641.0682883
1641.09530231
1640.04187004
1637.84484863
1643.79982688
1642.33725121
1642.1708945
1641.66024557
1641.26101266
1640.34691182
1640.60764882
1640.65085178
1640.4347997
1640.21865331
1640.07655568
1639.73849714
1639.76714762
1639.87604236
1639.90055877
1640.20367242
1640.13136336
1639.90937527
1639.84727854
1639.81812374
1639.73273775
1639.81888853
1639.87769083
1639.63565
1639.59436473
1639.65813391
1639.70042098
1639.6789364
1639.80903253
1639.72832299
1639.57660756
1639.66386019
1639.68576741
1639.8252397
1639.89013602
1639.9267125
1639.89517615
1639.90311526
1638.88909445
1639.45239258
1636.74537243
1637.82908412
1638.96707646
1639.77550079
1639.93511604
1639.09071425
1639.16919633
1639.55098621
1639.79522772
1639.92417862
1640.12381669
1640.19562222
1639.90897468
1639.73145484
1639.85996757
1639.87430776
1639.67783574
1639.60485907
1639.3499366
1639.28495098
1639.32471918
1639.1874768
1639.17403052
1639.15057348
1639.06647191
1639.00682939
1638.96090912
1638.93533141
1638.90136341
1639.0522319
1639.20805805
1639.17016221
1639.14117081
1639.21651837
1639.17335688
1639.19986461
1639.28457716
1639.20136764
1638.12806336
1641.41137695
1640.63016025
1639.56798735
1638.0306554
1637.29100074
1637.25775745
1637.5979224
1638.13495303
1638.04680718
1637.98313015
1637.80476606
1637.92120306
1637.65876303
1637.87487607
1637.83301907
1638.04322906
1638.11548989
1638.03227011
1637.87260378
1637.97192127
1637.9138214
1637.89984044
1637.64760124
1637.71367114
1637.57703295
1637.55923425
1637.59079927
1637.82283003
1637.56483845
1637.48014365
1637.52470322
1637.54680317
1637.36749058
1637.35042146
1637.39488672
1637.36280097
1637.31982084
1637.39281338
1637.32705008
1636.38221012
1645.06640625
1638.27151767
1635.54158529
1637.63606508
1637.4240544
1637.47614124
1637.14331055
1637.12693077
1637.41190743
1637.39839323
1637.12720331
1637.03758996
1637.08652969
1637.11062273
1637.06663567
1637.29782165
1637.24124733
1637.41382907
1637.24766718
1637.38619979
1637.2054583
1637.16706682
1636.99057076
1636.96057922
1637.10428958
1636.86095267
1636.7444769
1636.78301214
1636.65874918
1636.81084303
1636.69176759
1636.55133469
1636.50537718
1636.50273497
1636.3376583
1636.2607721
1636.20004687
1636.19301817
1635.98574789
1634.99420389
1642.06152344
1641.66007857
1637.59737723
1636.0245322
1636.03601372
1635.60797239
1634.82694832
1634.39429055
1634.66003418
1634.57271635
1634.53331553
1634.76406118
1634.55606659
1634.52883189
1634.60832485
1634.49797493
1634.40636146
1634.43786692
1634.29068448
1634.21590851
1634.12720455
1634.11880392
1634.25153665
1634.21308773
1634.11410282
1634.2567839
1634.53646488
1634.50808096
1634.42340805
1634.2336753
1633.95586773
1633.95183561
1633.88016764
1633.86268713
1633.84512857
1633.78977927
1633.77915993
1633.80761752
1633.71518401
1632.69956371
1636.73413086
1637.02325994
1633.34484863
1634.12916614
1634.0578911
1633.43212651
1633.67218718
1633.1565973
1633.14571729
1633.55737707
1633.5717435
1633.27077285
1633.21396202
1632.90307151
1633.10697255
1633.05561232
1632.91534234
1632.70149097
1632.16085495
1632.2233222
1632.14841503
1632.39345807
1632.42215836
1632.41361015
1632.36743772
1632.16576954
1632.17025114
1631.92570738
1631.90809322
1631.99598301
1631.94846159
1631.9137375
1631.95872692
1631.93042951
1631.93701243
1632.01480807
1631.92831294
1631.78583076
1631.76170177
1630.68628453
1633.64074707
1627.30890447
1628.6036842
1629.65100885
1628.36055104
1628.90047679
1629.90442495
1629.07893307
1629.02955458
1629.11629813
1629.20828096
1629.92669953
1630.35429244
1630.38166168
1630.07587752
1630.08796904
1630.11388857
1630.23004829
1630.26805899
1630.35137204
1630.36800191
1630.25698288
1630.12263482
1630.06192347
1630.01893711
1630.12396654
1630.09077962
1630.0908559
1630.06823644
1629.93879831
1629.97945123
1629.95131907
1629.89311204
1629.77431043
1629.51990605
1629.7129501
1629.57904408
1629.50303761
1629.42773373
1628.58708789
1639.90576172
1628.5715332
1628.39576939
1628.9784605
1629.90954292
1629.6108542
1628.94358951
1629.27301971
1629.3133138
1629.36210616
1629.44370141
1629.02165043
1628.61714412
1628.68250444
1628.48823277
1628.70805308
1628.75581767
1628.78236862
1628.77994634
1628.78548348
1628.78764989
1628.36709725
1628.46766076
1628.50644436
1628.33354168
1628.33604206
1628.43404415
1628.39888794
1628.21843244
1628.23106106
1628.19715248
1627.94205703
1627.98194614
1627.78350148
1627.77023289
1627.89465019
1627.97525625
1627.90082791
1627.95570225
1627.04005811
1634.36291504
1627.35549094
1626.44501604
1626.03022618
1627.16003716
1627.84543984
1627.61294706
1627.85413285
1627.57832996
1627.79919836
1627.31017583
1627.79038218
1627.50605812
1627.2949694
1627.47362242
1627.46710892
1627.55370942
1627.45728039
1627.65328592
1627.25766295
1627.23237815
1627.42003816
1627.40690509
1627.32294784
1627.18754204
1626.90940486
1626.62694892
1626.67367227
1626.52770258
1626.64309158
1626.65347037
1626.69740418
1626.66615671
1626.65584433
1626.69543314
1626.5919106
1626.62667957
1626.61763202
1626.61353084
1625.57378254
1637.07800293
1629.48429732
1629.10180664
1628.15869534
1627.1129597
1627.12809245
1626.69413982
1627.02527027
1626.51201714
1626.58127602
1627.02838316
1627.01567559
1627.02064905
1626.80652042
1626.89923572
1626.61282207
1626.05818205
1625.72450658
1625.61153787
1625.58742343
1625.51539908
1625.32814351
1625.42580666
1625.26860013
1625.17905537
1625.31759972
1625.43553144
1625.37390857
1625.32744558
1625.16934215
1625.11377926
1625.1107323
1624.99826173
1624.95699437
1624.99063101
1625.03600344
1625.13343401
1625.13510025
1625.06907578
1624.04459742
1609.64416504
1619.44290439
1621.40721494
1622.18986265
1620.91616747
1622.91421569
1622.8727427
1623.89654111
1623.65479118
1623.46165785
1623.06885612
1623.72019395
1624.328011
1624.48601316
1624.61506902
1624.48313813
1624.41789975
1624.68218816
1624.31935752
1624.36734025
1624.50546887
1624.55274652
1624.41123168
1624.3055626
1624.15161285
1624.13217151
1624.18127956
1624.50363508
1624.44618828
1624.30388502
1624.52035654
1624.45518489
1624.22458276
1624.20465475
1624.08869393
1623.97631697
1623.90868802
1623.97431818
1623.96151261
1622.9343751
1621.18005371
1622.58132102
1619.56556338
1619.94511955
1620.51901915
1621.34253648
1622.430552
1622.71886004
1622.09823495
1622.18253804
1622.01202211
1621.76197939
1622.18995149
1622.43665483
1622.38900346
1622.77279158
1622.86607143
1622.7612683
1622.89308664
1622.8853274
1622.92399817
1623.00925073
1623.0496075
1622.99131663
1623.13896819
1623.09920183
1623.07101312
1623.11708165
1623.16981153
1623.02732991
1622.97396171
1623.04288554
1623.14193659
1623.12132129
1623.01209176
1623.04920755
1623.05728175
1623.14366985
1623.17459579
1622.22367779
1623.70178223
1616.34028764
1619.03633626
1620.45477886
1618.9754728
1618.85691445
1619.04856998
1619.47188256
1619.53976327
1619.90371067
1619.67379066
1620.07699338
1620.27563477
1620.68892198
1621.13550844
1621.34412106
1621.20242518
1621.59407838
1621.78500383
1621.83682075
1622.16567674
1622.14845659
1622.20717762
1622.30870472
1622.17805905
1621.98386289
1621.95908914
1621.89176913
1621.89912778
1621.81612519
1621.8740498
1622.03752779
1621.94392904
1621.88321412
1621.9237755
1621.90689652
1621.94649364
1621.94370815
1621.96418822
1620.95882969
1613.39709473
1620.85827637
1617.45311919
1618.13199345
1618.99075243
1620.90639361
1621.10844446
1620.45687136
1620.55826522
1620.7773679
1620.68398776
1620.64587622
1620.77727818
1620.77762237
1620.81683739
1620.7791166
1620.86253594
1620.30516222
1620.2631809
1620.18707435
1620.3816999
1620.0070795
1620.27197542
1620.54743779
1620.59243559
1620.34903842
1620.27878942
1620.35657459
1620.35642185
1620.20417623
1620.22858741
1620.53467072
1620.56969797
1620.67147375
1620.46802295
1620.41649347
1620.4918223
1620.57472579
1620.65976825
1619.72927287
1622.11230469
1617.06204501
1617.9534389
1618.65920725
1619.19035228
1618.80788287
1619.87166408
1619.28422611
1619.88085033
1619.80382228
1619.96439777
1619.98442009
1620.09801237
1620.09074483
1620.09508238
1619.86770893
1619.71407114
1620.06314319
1619.85964544
1619.76796479
1619.67148207
1619.53687681
1619.50679396
1619.26802466
1619.4501867
1619.58292319
1619.49412566
1619.58102811
1619.8816083
1619.94822709
1620.02516068
1619.90962793
1619.91715343
1620.04184578
1620.01572022
1620.07431091
1620.10254346
1620.15915633
1619.85205046
1618.86850748
1654.93347168
1618.01778897
1617.21645973
1616.2966978
1616.14261981
1617.67088886
1617.93380387
1617.59698744
1617.90649113
1618.77312495
1618.2668167
1617.86211883
1618.09092927
1618.60377374
1618.94475669
1619.07291882
1619.11875698
1619.28177897
1619.56597057
1619.57524197
1619.53893193
1619.43817168
1619.37779436
1619.2862031
1619.46222
1619.40503513
1619.44873094
1619.46582572
1619.51449813
1619.27918991
1619.36800509
1619.40584101
1619.31392415
1619.33454973
1619.26528277
1619.11275958
1619.05592782
1619.05618821
1618.96691126
1617.8621448
1621.04785156
1617.96100408
1615.76431129
1617.61715994
1617.96071718
1619.00164436
1617.87858006
1618.13126169
1617.72226291
1618.09428255
1617.43600978
1617.65805136
1617.9661502
1617.75598517
1618.09572737
1617.90023379
1617.87079654
1617.85048386
1617.67542111
1617.82381355
1617.92534823
1617.72098718
1617.90244262
1617.73164031
1617.71586489
1617.85292862
1617.87124669
1617.82185707
1617.88851549
1618.03953568
1618.02203633
1618.001614
1617.87765969
1617.86508022
1617.89421802
1617.87726891
1617.95881294
1618.01282429
1617.9989584
1617.1616058
1626.72363281
1611.2598877
1617.38816034
1616.7532959
1617.34148723
1616.87903789
1616.21728316
1616.41866163
1616.67096475
1616.44891022
1617.04530138
1617.17403707
1617.16551019
1616.91755688
1616.63748667
1616.60038383
1617.08768667
1617.02851377
1617.02553158
1617.11494038
1616.99544453
1616.82361245
1616.96293316
1617.03044043
1616.98284026
1617.06751218
1616.98909692
1617.03649722
1616.91283311
1616.85746844
1616.93269465
1616.84685946
1616.89417911
1616.96810388
1616.98719944
1617.02367086
1616.95445188
1617.02953904
1617.02464603
1615.97471879
1608.52734375
1618.51050914
1620.11564709
1619.45914582
1619.44055474
1618.16151099
1617.81661437
1617.62470944
1617.0297083
1617.24172471
1617.22061852
1617.11937267
1616.34994633
1616.43060722
1616.32193751
1616.44728664
1616.78785469
1616.87323605
1616.83734434
1617.22178578
1616.78962548
1616.52219655
1616.58071775
1616.43718822
1616.36110526
1616.61300161
1616.81129613
1616.85486966
1616.97476663
1616.95003423
1616.85378815
1616.77763381
1616.67155632
1616.68172766
1616.70932087
1616.63295057
1616.53298705
1616.45423614
1616.44252218
1615.53275783
1628.59313965
1615.19261586
1615.27433268
1616.91145177
1617.14562095
1616.61337938
1616.50025215
1616.82308401
1616.4422939
1616.31723257
1616.18680142
1616.09384018
1615.5228443
1615.45684116
1615.69671241
1615.67337784
1615.80235755
1615.78169259
1615.89198935
1615.91634924
1615.81443612
1615.61907352
1615.62714093
1615.43283068
1615.48523506
1615.33000372
1615.49739911
1615.62910354
1615.54665171
1615.42087579
1615.3884176
1615.37848587
1615.42934639
1615.57993282
1615.48499072
1615.44137947
1615.4779587
1615.35454121
1615.36977212
1614.33969834
1623.38500977
1617.56639515
1616.41885231
1614.17933704
1615.6240681
1615.08631568
1614.6918485
1614.85011657
1614.86461197
1614.56887314
1614.72270339
1614.80888298
1614.57432165
1614.2484662
1614.19719723
1613.88822806
1613.91471304
1613.88704356
1614.13734124
1613.88059862
1613.9406052
1613.97536205
1613.96084691
1614.00306391
1613.79056381
1613.42321145
1613.54941509
1613.40180097
1613.44191321
1613.77209976
1613.91302673
1613.84987393
1614.0496058
1614.20922077
1614.32706968
1614.51078914
1614.47181427
1614.49775108
1614.4024184
1613.33462715
1623.09387207
1606.18694513
1609.11068871
1610.24044308
1610.72303735
1610.08082251
1611.73439301
1611.91509064
1611.95545187
1611.99273346
1612.10263213
1612.05442576
1613.00609444
1612.81362566
1612.88615515
1612.91571894
1613.15667156
1612.80910273
1612.58335244
1612.94908006
1612.97108573
1613.27285145
1613.52620148
1613.49353239
1613.11392908
1613.00462311
1612.9740659
1613.03534003
1613.00337496
1613.32246278
1613.14954505
1613.14539752
1613.27967944
1613.10636381
1613.21217145
1613.18497304
1613.18996508
1613.25250754
1613.1695326
1612.11021596
1595.98181152
1609.55122514
1612.34494164
1612.52192147
1611.5790569
1611.75459559
1612.66759253
1612.78228502
1612.45556339
1611.67446396
1612.03812824
1612.045662
1612.36118689
1612.54005677
1612.53138852
1612.61954241
1612.5009758
1612.38841631
1612.13091333
1612.11869197
1612.13302385
1612.08111485
1612.01326479
1611.86915384
1611.94399151
1611.57169661
1611.687739
1611.84252299
1611.83378932
1611.92688659
1611.93720152
1611.94840626
1611.91235047
1611.75254356
1611.73372241
1611.74527404
1611.67429713
1611.62866869
1611.60761667
1610.57189098
1610.21911621
1617.13479892
1614.21398926
1613.12850066
1612.29957246
1611.51301365
1610.50090252
1611.41946454
1611.64518229
1611.38729557
1611.14241134
1610.80317757
1610.26165217
1610.68889868
1610.75765667
1610.36273072
1610.17479028
1610.33207908
1610.45564059
1610.32196908
1610.57136073
1610.54646598
1610.32402045
1610.28816309
1610.47983003
1610.31887246
1610.35285897
1610.53899809
1610.69421647
1610.72822702
1610.87712711
1610.80021682
1610.97076967
1611.21140439
1611.12425648
1611.19038413
1611.18020554
1611.17406437
1611.20653848
1610.22525688
1623.22827148
1606.3536266
1608.67145647
1608.1301112
1607.96085413
1608.29637475
1608.94927278
1609.59432253
1609.91241078
1609.70402644
1610.05614267
1609.89005974
1609.93778248
1610.06288019
1609.6783655
1609.96383323
1610.16948667
1610.20891085
1610.33215939
1610.74603815
1610.50507047
1610.53683515
1610.65002828
1610.59186029
1610.51407304
1610.55878196
1610.37363197
1610.51857946
1610.60037655
1610.55428647
1610.48069383
1610.39736556
1610.21075002
1610.32221621
1610.49191973
1610.58421704
1610.43806572
1610.39944729
1610.37085506
1609.35525811
1648.08178711
1612.41913397
1611.4847354
1611.9195911
1610.38570646
1609.77674776
1609.28232062
1609.33557473
1608.85355179
1609.313494
1609.25457945
1609.48831754
1609.78051657
1609.77989604
1609.66749778
1609.93147813
1609.49605736
1609.91409534
1609.65224191
1609.61888626
1609.45014673
1609.61594539
1609.68436705
1609.75779295
1609.83386788
1609.69924939
1609.6620771
1609.62053024
1609.68678973
1609.80877161
1609.89310128
1609.90584297
1609.80604548
1609.75320112
1609.77081281
1609.78537396
1609.72371261
1609.48772321
1609.41141828
1608.34647318
1613.66101074
1609.9453014
1609.03578985
1608.47176632
1607.24622177
1606.6543615
1607.04749336
1606.56317053
1605.49132999
1604.72713797
1605.16833254
1605.42625194
1605.63105206
1605.3885293
1604.8988418
1604.80824452
1604.75400103
1604.41605988
1604.27304971
1604.28092725
1604.20383677
1604.16940409
1604.41544946
1604.44256301
1604.3672883
1604.66740314
1604.63158104
1604.31827965
1604.14376755
1604.00827477
1604.16606835
1604.13317008
1604.09525705
1604.15588932
1604.18987804
1604.0183655
1603.90703923
1603.86473984
1603.84602576
1603.00907605
1615.53710938
1602.54026101
1604.71002488
1605.05506552
1604.63341987
1604.6852046
1603.52796411
1603.86369044
1603.84841128
1604.80594174
1604.40984684
1604.01235769
1604.37924018
1604.27222146
1604.19384506
1604.2250055
1604.06834724
1604.23646876
1604.34118585
1604.30130468
1604.01164405
1604.11905095
1604.0812911
1604.1238295
1604.17804841
1604.29328633
1603.90855343
1604.0198389
1603.76604291
1603.65625461
1603.71167641
1603.79407366
1603.7299896
1603.56804406
1603.57454093
1603.40482063
1603.31003256
1603.16716888
1603.0190686
1602.01707398
1589.67211914
1600.63590865
1603.63008626
1602.88271012
1601.7254728
1602.18520221
1601.53925461
1602.47776773
1601.84305978
1601.27331006
1601.36699412
1601.93654653
1602.38484028
1602.18371489
1601.9875116
1601.69925755
1601.92799065
1601.93139506
1601.86997691
1601.9812376
1601.96811353
1602.15270302
1602.08660585
1601.90183433
1602.05230181
1602.04605261
1601.78329059
1601.72312786
1601.8097784
1601.851935
1601.81727169
1601.84274086
1601.89905089
1601.81948493
1601.97430116
1601.76346773
1601.58189937
1601.61882245
1601.54087753
1600.62072578
1586.71520996
1596.27556818
1600.35924712
1601.24074235
1600.91457162
1600.12140491
1600.17635758
1600.76629037
1601.18757385
1602.08729369
1601.65122336
1601.6854281
1602.03728391
1601.79975716
1602.19222611
1602.18062203
1602.2387392
1602.49866008
1602.56851854
1602.38588087
1602.40800089
1602.33035524
1602.36676495
1602.19274849
1602.22229764
1602.257937
1602.46551163
1602.57349489
1602.6152965
1602.40632551
1602.30034528
1602.18607323
1602.10572696
1601.97043944
1601.92892322
1601.88504628
1601.8280966
1601.7939894
1601.7871648
1600.7962598
1617.00598145
1598.88831676
1602.65615118
1603.96674175
1603.06178246
1603.6690985
1603.69023958
1603.25317383
1603.03300269
1602.78542722
1602.87045318
1603.15281444
1602.68689368
1601.97558966
1601.94714788
1602.07032705
1601.92972314
1601.87427686
1601.75998481
1601.97862747
1601.95677618
1601.85843662
1601.8148939
1602.01158241
1602.08017284
1602.00721188
1601.99131009
1602.0433192
1602.22271837
1601.9205079
1601.70902696
1601.65953805
1601.59420177
1601.58228277
1601.44618418
1601.24840265
1601.33662123
1601.39053814
1601.2209431
1600.21319012
1605.41296387
1596.44345925
1599.83384487
1598.84614415
1600.90032215
1600.13210401
1599.68548884
1600.11286862
1599.8703116
1600.29776839
1600.14479231
1600.32963603
1600.3868953
1600.83963875
1600.1205111
1600.36298537
1600.48589368
1600.72049111
1600.88196071
1601.23199175
1601.03533541
1601.09437077
1600.92894845
1601.08937291
1601.06373286
1601.01502729
1601.08406482
1601.31246261
1601.20838271
1601.07276733
1601.16452645
1601.24381406
1601.223016
1601.04214413
1601.09638543
1601.04238796
1600.90223284
1600.89899718
1600.74455554
1599.82460584
1598.05822754
1601.54164817
1598.12213425
1598.26757025
1598.6430545
1599.87747731
1600.76399206
1601.40394442
1601.77287989
1601.53080196
1601.56455707
1601.33623773
1600.77168413
1600.64717486
1600.42656302
1600.25988123
1600.82527113
1600.78376779
1600.65288464
1600.63891602
1600.36720329
1600.42675955
1600.5839783
1600.39239
1600.56591493
1600.32820135
1600.40527718
1600.48752991
1600.51949259
1600.55640613
1600.69959591
1600.71238625
1600.83665509
1600.67873897
1600.71996927
1600.61086662
1600.56980833
1600.50292673
1600.64237243
1599.65328648
1620.71154785
1608.16477273
1605.57177153
1603.34525816
1603.29185821
1602.67207127
1601.67480869
1602.04644346
1601.26214524
1600.63362675
1600.78227128
1600.81286291
1600.87537428
1600.77849177
1600.89541258
1600.89515777
1601.02943942
1601.1784825
1601.21621485
1601.10273399
1601.28011554
1601.37239429
1601.15641736
1601.12664451
1601.06632318
1600.99922332
1600.8898402
1600.98820467
1600.93947832
1600.91617461
1600.99839443
1600.95654061
1600.94892251
1601.00035109
1601.0037201
1600.75834947
1600.673913
1600.64566641
1600.43324965
1599.50021062
1598.39208984
1601.03046209
1600.44153995
1600.7095081
1600.23682236
1599.15585507
1599.76831055
1599.94881471
1600.276542
1600.39472039
1600.80509118
1599.95964311
1600.47678041
1600.27195588
1600.2327093
1600.34540886
1600.23756323
1600.28436672
1600.2691239
1599.91793232
1600.14531772
1599.78601074
1599.59917799
1599.56732627
1599.67102405
1599.64941601
1599.48827704
1599.45280924
1599.7621423
1599.65260761
1599.47407162
1599.33810808
1599.25121424
1599.38251488
1599.31598276
1599.41088728
1599.43343989
1599.27691107
1599.33757472
1598.47028375
1598.82287598
1598.30965909
1601.68098377
1600.73946651
1600.95075207
1601.06729186
1600.46384317
1600.52106315
1600.73676667
1600.15035038
1600.35214989
1599.95252015
1600.03782263
1599.66288
1599.3537312
1599.43891876
1599.59706106
1599.76640168
1599.83767076
1599.98710976
1599.77201152
1599.85720955
1599.78156042
1599.84077751
1599.80233018
1599.84267082
1600.03248052
1600.10330257
1600.05372962
1600.09740162
1600.07283177
1599.90726307
1599.97323656
1599.93584781
1599.70093024
1599.63020207
1599.66457919
1599.77944625
1599.67592094
1598.70124021
1601.79406738
1601.02027477
1601.50208101
1602.46131552
1601.51418695
1600.19270355
1600.40131916
1600.11415637
1599.82321807
1599.83236661
1600.08455605
1600.3363499
1600.01860412
1599.73421286
1599.71409661
1600.10325532
1600.27605102
1600.08533072
1599.85147213
1600.25862928
1600.01313622
1599.78247302
1599.68961717
1599.61534165
1600.05706458
1600.02794875
1600.16960197
1600.06158785
1599.85888455
1599.83452299
1599.70384161
1599.79331887
1599.6804203
1599.71130666
1599.65331458
1599.7692805
1599.76329281
1599.71526195
1599.72868928
1598.7047452
1597.44226074
1601.49414062
1598.90168108
1600.53851515
1600.16815037
1600.57458017
1600.44228275
1599.72834369
1599.41798985
1599.65858812
1600.17947841
1600.02471539
1600.07801201
1600.60369081
1600.33032313
1600.24562649
1600.37517666
1600.12934028
1600.09178811
1600.26528116
1600.29754791
1600.42822671
1600.2560875
1599.78899697
1599.31097285
1599.3535487
1599.19708743
1599.26225343
1599.10634279
1599.26564514
1599.31933432
1599.36035549
1599.40845297
1599.36346675
1599.44646125
1599.27615991
1599.24277418
1599.23878829
1599.19492995
1598.04426357
1576.3984375
1591.93156294
1594.79410226
1593.81451613
1592.81479552
1594.14545276
1594.13149374
1595.55415967
1595.59373342
1595.98931684
1596.17785886
1596.19453829
1596.55844444
1596.79734744
1596.97671747
1596.93143529
1597.10426169
1597.2539348
1597.43614509
1597.4951958
1597.2002858
1597.22305081
1597.00502145
1597.10199952
1597.12689336
1596.86077613
1596.84748273
1596.68065821
1596.91282529
1597.05897129
1597.16156675
1597.17340696
1597.39329153
1597.31101561
1597.3645646
1597.62554879
1597.77721492
1597.91447543
1597.90796091
1596.96495656
1596.54675293
1593.8017911
1594.99400112
1596.20362903
1596.4485161
1595.77640548
1596.80515377
1596.9936214
1597.00844395
1596.87237348
1597.00796116
1596.65285842
1597.26917614
1597.15993634
1597.47346139
1597.4883532
1597.58565772
1597.50660465
1597.57605318
1597.76327243
1597.89753807
1598.14988904
1598.37124786
1598.33561304
1598.31174276
1598.33437831
1598.2280222
1598.32713447
1598.36204969
1598.28759975
1598.33524523
1598.17193074
1598.09036968
1598.18961687
1598.05692951
1598.06037229
1598.06428541
1598.02469867
1598.07561247
1596.92814729
1594.37792969
1600.50052157
1599.28649902
1598.3937437
1597.73310666
1599.06569058
1598.64361272
1599.58242497
1599.49076937
1599.06857132
1598.72096419
1599.00234133
1599.293567
1599.49971393
1599.37317327
1599.01532589
1599.00368637
1598.7795917
1598.88178468
1598.84413347
1598.92674202
1598.98575827
1598.98574871
1599.02479084
1598.80031981
1598.73433755
1598.5138496
1598.571785
1598.70791007
1598.53835693
1598.53213004
1598.40835503
1598.5800652
1598.41746904
1598.51245475
1598.54579897
1598.52521851
1598.22664147
1598.21594751
1597.46496082
1605.15087891
1604.46353427
1601.09229678
1601.74601499
1598.74211902
1598.9026573
1598.29243644
1598.07993542
1599.15764703
1599.03042502
1598.4806718
1597.7611183
1597.43212992
1596.88947325
1596.87822491
1597.05936902
1597.07009717
1596.78953579
1596.84020254
1596.89015078
1597.06039505
1597.26412082
1597.05312986
1596.91078457
1596.88345983
1596.74207759
1597.31163335
1597.39394387
1597.19987776
1597.21876217
1597.44756857
1597.5257062
1597.42544622
1597.28494751
1597.17043879
1597.10901157
1597.12634142
1597.15342231
1597.21824089
1596.06332186
1604.23120117
1596.15175559
1597.88119652
1594.8010372
1595.97338569
1596.1552878
1596.55745309
1596.43087898
1595.54601147
1594.80778084
1595.1615945
1594.86972128
1594.74626021
1594.47211951
1594.5403187
1595.17732936
1595.60733468
1595.38194016
1595.24355523
1595.33060731
1595.94471976
1596.06591045
1596.05851918
1596.09729004
1595.99071506
1596.23200022
1596.37553412
1596.24138661
1596.53037075
1596.66909759
1596.88535448
1596.82616756
1596.69382104
1596.7119207
1596.66356992
1596.72321722
1596.6731258
1596.65516387
1596.43976775
1595.65396199
1594.69616699
1600.1266424
1594.55273438
1593.62916614
1593.70195491
1593.94510666
1594.65097496
1595.40032185
1595.4496784
1595.48653336
1595.3602585
1595.61079036
1595.47682884
1595.28293289
1595.28617783
1595.59129323
1595.82092513
1595.54239837
1595.77800131
1596.30219177
1596.6504714
1596.79693575
1596.8406872
1596.56003957
1596.48912308
1596.37802501
1596.51944332
1596.37518288
1596.40401016
1596.18736996
1596.01907906
1596.14752335
1596.45481497
1596.42042011
1596.35636405
1596.27570536
1596.37810552
1596.63110023
1596.66559911
1595.6865659
1611.49743652
1598.66015625
1596.61426363
1597.75836772
1597.24926758
1596.82736386
1596.43234903
1596.54076117
1596.14194517
1596.91407055
1596.6580315
1596.20155128
1596.4501257
1596.92478326
1596.80562943
1596.9657516
1596.90645168
1596.64574481
1596.55700414
1596.55661698
1596.58374327
1596.25927966
1596.31404438
1596.18887342
1596.09276483
1595.90422733
1595.72376377
1595.56362296
1595.45184478
1595.50717446
1595.77608939
1595.77054667
1595.81537873
1596.00649149
1595.9516802
1595.92558649
1596.11253395
1596.28899538
1596.12331537
1595.05588408
1608.20336914
1595.06656161
1593.70414807
1591.77492991
1592.95973764
1592.89196777
1593.78776575
1594.3302002
1594.5105101
1593.48511547
1593.98930737
1594.07037738
1593.91621033
1593.8330544
1594.24428174
1594.44841195
1594.32012143
1594.51890234
1594.19872979
1594.38198165
1594.41616442
1594.22937417
1594.434989
1594.55218744
1594.68347978
1594.84667969
1595.04611732
1594.94279632
1594.64121711
1594.74994714
1594.72007939
1594.70220928
1594.60201694
1594.58318446
1594.89861112
1595.05394917
1595.12432675
1595.17062041
1595.24847364
1594.31802074
1582.02624512
1594.90193315
1597.59705752
1597.42979382
1597.41656941
1598.54403866
1597.59160276
1597.83568132
1597.25855698
1596.23785333
1596.29776333
1596.50537769
1596.03335445
1595.6819882
1595.65902472
1595.50593537
1595.53822924
1595.39469687
1595.34640655
1594.96672018
1595.10269757
1595.02246788
1594.93299168
1595.19835369
1595.45070639
1595.63997185
1595.53193472
1595.6238284
1595.6562096
1595.62171417
1595.48622268
1595.44570383
1595.36738791
1595.35960992
1595.20263958
1595.34707894
1595.42471846
1595.52304727
1595.33313949
1594.31570053
1576.61853027
1591.95426802
1595.68793015
1595.87211757
1595.11012529
1594.95885512
1595.14581799
1595.7308298
1595.36558552
1595.245859
1595.40075321
1595.0863312
1595.13359738
1595.43791001
1595.18890251
1595.01279071
1595.05806832
1595.14589544
1594.78629535
1594.78090744
1594.76385103
1594.84150819
1594.66970204
1594.98347718
1595.00964052
1594.85746419
1594.82564852
1594.7049475
1594.59563623
1594.57587404
1594.41078769
1594.42843383
1594.21306213
1594.16063752
1594.40993932
1594.44768713
1594.26571495
1594.51101759
1594.49028532
1593.4420873
1590.4342041
1594.32809171
1595.93390183
1595.87399194
1594.57475765
1594.58467611
1594.68163462
1594.26779648
1593.67712704
1594.00755226
1594.57044182
1594.71357026
1594.69598237
1594.37655989
1594.35096773
1594.36785525
1594.30808424
1594.23242544
1594.00226201
1594.30155969
1594.10077421
1594.05013677
1594.18897479
1594.03871373
1594.1162003
1594.25781007
1594.38779727
1594.40572613
1594.33318679
1594.43334667
1594.48716356
1594.42708556
1594.52191828
1594.34766289
1594.26974317
1594.27372407
1594.34761026
1594.18224472
1594.15326392
1593.30113695
1583.48095703
1591.65357555
1593.84774344
1596.353555
1596.62690549
1595.52368643
1595.31663838
1594.55889119
1594.53678084
1594.36053668
1593.97733964
1593.53122581
1593.07989855
1592.84556428
1592.62055526
1592.57719613
1592.60956379
1592.97373347
1592.95777446
1592.99060378
1593.47120416
1593.75954289
1593.6075804
1593.47814519
1593.7079055
1593.53755291
1593.68456376
1593.59484278
1593.71106522
1593.74673053
1593.80352885
1593.71772751
1593.72380204
1593.99557006
1593.92638408
1593.84046906
1593.7313415
1593.74702721
1593.80158063
1592.80469594
1611.42480469
1590.90693803
1590.24504162
1591.00783219
1591.43487995
1593.05531461
1593.78757564
1593.81111252
1593.46018549
1593.37385442
1593.34894947
1593.40588049
1593.08191624
1592.80588304
1592.92482114
1593.07120256
1593.11368537
1593.1908887
1593.37723571
1593.31053665
1593.40537911
1593.15064344
1593.07845807
1593.023679
1592.86333038
1593.10391199
1592.96830568
1593.11076147
1593.23721737
1593.37744854
1593.34258526
1593.22073335
1593.14843218
1593.12019353
1592.96488349
1593.0628763
1592.94120201
1593.06246677
1593.10411861
1592.32962945
1590.37243652
1592.71456632
1595.2865339
1595.42736423
1596.79781881
1596.44621965
1596.21209617
1595.59634786
1595.31007366
1595.18433154
1594.86207142
1594.74038284
1594.95081676
1594.84842781
1594.95941292
1594.55152741
1594.16789672
1594.05638935
1593.77459144
1593.68406541
1593.53596034
1593.5517474
1593.29015948
1593.11073838
1593.09938144
1593.07069038
1592.94254043
1592.99795769
1593.04052213
1593.14958479
1592.94710016
1593.02097176
1593.00834299
1592.99555974
1592.98241615
1592.82423649
1592.89894641
1592.93553207
1592.99354565
1591.90186127
1594.02172852
1588.47227894
1589.67712402
1589.70051821
1589.65465118
1591.04848585
1591.14257412
1590.30408403
1590.85435203
1591.5505465
1591.50322822
1591.06957458
1591.30748806
1591.07452998
1591.08090838
1591.01494755
1590.90408685
1590.69235426
1591.13690624
1591.02016014
1591.18914522
1591.08904711
1591.30862634
1591.59155643
1591.36356743
1591.59156246
1591.59444454
1591.49378883
1591.77868174
1591.7007117
1591.81480352
1591.73647139
1591.97389825
1591.96446426
1592.044914
1592.30012499
1592.34661375
1592.31375097
1592.31486355
1591.51629496
1580.00671387
1586.82053445
1588.21501814
1589.62698463
1590.53081233
1590.56508262
1590.54092958
1591.13701275
1591.13804495
1590.72320892
1590.74595476
1590.91714945
1590.80024555
1591.00940594
1591.29605947
1591.44910557
1591.66854195
1591.92007607
1591.97581254
1592.38585467
1592.45657151
1592.46473556
1592.34345504
1592.2253957
1592.06192308
1591.65750329
1591.86515674
1591.68179378
1591.66202162
1591.85998871
1591.73472418
1591.57947955
1591.81132379
1591.99320574
1592.00974558
1592.01128681
1591.94685613
1591.75982946
1591.80424343
1590.95871809
1584.76623535
1594.07521751
1592.09701102
1593.13978626
1592.62151653
1592.14622348
1591.96872799
1592.30988151
1591.73057876
1591.1881412
1591.24883127
1591.30530775
1591.51258232
1591.60162027
1592.04011698
1592.07428342
1591.78828231
1591.50032838
1591.3610098
1591.44398507
1591.2708224
1591.53183316
1591.63700542
1591.59214618
1591.73279568
1591.77395448
1591.91515084
1591.95859609
1592.19278378
1592.06658118
1592.01555403
1591.90087851
1591.58662809
1591.57639426
1591.29866274
1591.34503991
1591.43119529
1591.55419198
1591.43441813
1590.53754285
1589.15966797
1587.92045455
1586.51120722
1587.8631198
1588.92683522
1589.07715083
1589.94380963
1590.82452994
1591.36491187
1591.27648121
1591.3609595
1591.43085981
1591.71461474
1591.35566816
1590.74474751
1591.02483605
1590.94577576
1590.88848342
1590.74916169
1590.96203741
1590.99187534
1590.97709128
1590.72109861
1590.73575635
1590.95154062
1590.93741149
1590.95153201
1591.23930331
1591.34648377
1591.19469166
1591.37904981
1591.46851018
1591.50201967
1591.47001754
1591.30608218
1591.37188703
1591.51863077
1591.4244829
1591.42205474
1590.37208875
1613.67797852
1582.25800115
1583.45037551
1586.78753071
1590.03296792
1590.76663507
1591.62118981
1592.10346577
1591.44577818
1591.54746255
1591.94565091
1592.45951005
1592.07578044
1591.90948253
1591.78909367
1591.17209004
1591.19327825
1591.54460421
1591.42002371
1591.52256256
1591.61578217
1591.97735335
1591.79248268
1591.62182987
1591.48475742
1591.46220635
1591.27238938
1591.0648842
1590.88285898
1590.94253928
1590.84834406
1590.63991495
1590.72165041
1590.35246494
1590.32598215
1590.08275985
1590.03019803
1590.09618252
1590.0216151
1589.12819648
1594.16503906
1590.14653986
1591.01976376
1591.44033124
1590.88210985
1589.36821911
1588.9932341
1588.36846322
1588.66980131
1588.88563353
1588.64793713
1588.83942805
1588.60860727
1589.32177734
1589.12661462
1589.05006419
1588.94665452
1588.85329647
1588.82031587
1588.54666729
1588.75736977
1588.89975771
1588.82823934
1588.65055444
1588.71178845
1588.86802692
1588.81741789
1588.74071815
1588.76170615
1588.85978819
1589.12285748
1589.31849479
1589.20738377
1589.23239717
1589.45086903
1589.41722659
1589.36812044
1589.18326505
1589.28466444
1588.30104023
1574.19360352
1584.83761319
1587.98306129
1588.20790149
1588.9350318
1588.48535635
1588.35634125
1589.30765501
1589.41953004
1590.03126207
1590.24989364
1589.48699016
1589.60394943
1589.94066917
1589.78497185
1590.11989245
1589.81412027
1589.74895348
1589.58606766
1589.44908837
1589.39488592
1589.68739066
1589.61575414
1589.70502898
1590.03145514
1590.07839346
1589.90176567
1590.16847505
1590.17506794
1589.99725824
1589.90484964
1589.46017564
1589.16817829
1589.03772968
1589.04893946
1589.05488573
1588.9189
1589.00071071
1589.06349899
1587.95220771
1576.12792969
1590.7779652
1588.06387184
1587.38936886
1587.41966285
1588.95383827
1588.40876545
1588.61245083
1588.79962083
1588.54619489
1588.74501566
1588.41709996
1588.06348362
1588.49741695
1588.76884818
1588.80490739
1588.69116287
1588.86940333
1588.76833145
1588.60577297
1588.54079274
1588.46462102
1588.75169738
1588.70037393
1588.5841105
1588.75615458
1588.82189474
1588.79501872
1588.99511458
1589.0291941
1589.28129785
1589.0520675
1589.04716477
1589.01306374
1589.02232634
1588.94865187
1588.89626289
1588.82994816
1588.85925902
1587.89251225
1586.0411377
1595.97545277
1591.72285389
1590.41502331
1591.02392578
1589.84866872
1589.12016922
1589.4934082
1589.60951817
1589.01844201
1588.75550404
1588.59905841
1588.86641573
1589.55654651
1589.37771845
1589.69612253
1589.36463767
1589.37432683
1589.37025072
1589.17712083
1589.24717113
1589.43625847
1589.32916619
1589.27734481
1589.16845855
1589.0993842
1589.15860582
1589.19046707
1589.31460734
1589.13871382
1589.34017468
1589.26692852
1589.17073454
1589.30881171
1589.16693992
1589.22833965
1589.0589417
1589.08658668
1589.04037067
1588.16980383
1591.0390625
1591.51530318
1586.85320173
1588.61375772
1587.29312953
1588.09872137
1588.8192759
1588.70850813
1589.0010926
1588.3029262
1588.95544192
1588.91486201
1588.46747986
1587.92782569
1588.00821074
1588.31187833
1588.32356973
1588.46845589
1588.45200951
1588.36816087
1588.58678713
1588.78363587
1588.77639757
1589.16196194
1589.03839593
1589.03356155
1589.07277308
1588.94319767
1588.89435053
1588.95184515
1589.07679034
1588.96024786
1588.94715154
1589.04193392
1589.02566591
1589.0356727
1588.9919251
1589.01823257
1589.16003033
1588.09444846
1595.25378418
1585.693659
1585.87450591
1585.68825999
1584.87532751
1585.87117034
1586.30299252
1586.85119801
1586.67914647
1586.94179258
1586.89548606
1586.81903131
1587.01794232
1587.06187101
1587.70098228
1587.79606335
1588.09810662
1588.05376733
1588.22032815
1588.32972981
1588.58238896
1588.17557529
1588.44979044
1588.50231405
1588.49354091
1588.41189393
1588.48451391
1588.47173014
1588.5637711
1588.65562287
1588.49527373
1588.35435834
1588.48538008
1588.49964559
1588.6300081
1588.71046139
1588.84925331
1588.80270542
1588.84608151
1587.93063883
1582.13696289
1585.18629039
1586.01808966
1586.18140436
1586.24351836
1587.02409572
1586.90540952
1587.29660507
1587.95503291
1587.94196563
1587.79967537
1588.03753937
1588.47253519
1588.23577927
1587.95088878
1587.39445041
1587.70794412
1588.26151459
1588.10584912
1588.29484454
1588.21912228
1588.20708447
1588.3714804
1588.35788268
1588.27899094
1588.30275918
1588.14917039
1587.95739206
1587.79025714
1587.83440596
1587.75367955
1587.92519916
1588.23507396
1588.21334313
1588.00528339
1588.12283473
1588.14826978
1588.0718517
1588.17203167
1586.97894508
1585.05187988
1585.98567338
1586.59046573
1588.01238029
1588.67990484
1590.11309934
1590.63608238
1590.3372201
1590.27495509
1590.41381165
1589.99130279
1589.60343315
1589.60252292
1589.5179695
1589.47069966
1589.66827352
1589.72161069
1589.83932549
1589.44972996
1589.50888301
1589.48518394
1589.5159779
1589.51197173
1589.20290411
1589.23404627
1589.31992489
1589.20869019
1589.19869038
1588.90439592
1588.7754934
1588.7235951
1588.77787599
1588.74677179
1588.57339929
1588.51915824
1588.47034144
1588.34719942
1588.39090533
1588.40340522
1587.52029184
1579.55737305
1591.97561923
1591.41009812
1589.28248252
1588.5004198
1589.99309226
1589.13383509
1589.64453297
1589.08544018
1589.00182837
1588.8987046
1589.15268027
1589.09487789
1589.09769259
1589.10284554
1588.97976301
1588.60661287
1588.34765982
1588.13007974
1587.82250593
1587.90479427
1588.33375296
1588.27323755
1588.38936414
1588.1480647
1588.22743061
1588.25404095
1588.20743575
1588.24957297
1587.8674329
1588.13578761
1588.01762719
1587.97652333
1588.14385009
1588.22884819
1588.37284864
1588.31490556
1588.20829111
1588.10005889
1587.05589602
1605.08288574
1589.02252752
1587.98071289
1589.43443249
1589.66027534
1588.72903502
1588.76447434
1588.55614203
1588.4474962
1588.37839516
1588.8093298
1588.35128317
1588.32918227
1588.62008551
1588.48950455
1588.34581469
1588.40769665
1588.6766129
1588.73811804
1588.58907873
1588.51461443
1588.44042737
1588.47071472
1588.58750962
1588.45952736
1588.58679588
1588.78073319
1588.75793862
1588.94565004
1588.97173758
1588.84394791
1588.63077616
1588.84963371
1588.84800291
1588.77063633
1588.77092202
1588.7409996
1588.67951838
1588.71069368
1587.66267023
1578.01477051
1591.02975186
1587.133853
1588.10184602
1587.58620546
1587.09537042
1585.7890645
1586.64407907
1587.25158239
1587.59370573
1587.49774593
1587.7631605
1588.03193299
1588.28523918
1588.23369279
1588.70068117
1588.33849794
1588.58437129
1588.78783168
1589.03072209
1588.99961314
1588.9372333
1589.05140154
1588.99354296
1589.27276535
1589.23995133
1589.29146415
1589.3157495
1589.35109073
1589.44474494
1589.62129004
1589.63539285
1589.49905158
1589.19675263
1589.1614686
1589.01977157
1589.25514318
1589.09536883
1589.01118593
1587.96681008
1583.65661621
1583.49408514
1585.28180804
1586.03648721
1588.51678913
1588.61091644
1588.82562356
1589.04496314
1589.27887038
1589.03682767
1589.28907459
1589.18472867
1589.05097797
1589.24292551
1589.06960692
1589.54944979
1589.32307993
1589.4230029
1588.70036796
1588.63430419
1588.62122857
1588.62642897
1588.49852963
1588.32717644
1588.37870618
1588.44927662
1588.33989941
1588.37057934
1588.29729508
1588.18679275
1588.33874917
1588.23248036
1588.19250831
1588.33491447
1588.15611433
1588.05509058
1588.01161088
1587.92389788
1588.04426923
1587.15167039
1571.74121094
1588.44977362
1587.23539807
1586.33885144
1585.42800531
1587.45917586
1585.5454822
1585.65955106
1585.7629922
1585.94469142
1586.60293186
1586.55947354
1586.32941935
1586.07489899
1586.19919711
1586.81852672
1586.79515616
1586.00711363
1586.2955673
1586.46449799
1586.8539954
1586.99274405
1586.91858021
1586.93199997
1586.92132898
1587.13932016
1587.14372446
1586.86042453
1587.27432761
1587.26328679
1587.40581606
1587.46825348
1587.5060518
1587.66484582
1587.56185099
1587.61129613
1587.68267569
1587.61048647
1587.67342603
1586.55618918
1575.7611084
1587.99518377
1586.27833194
1587.57764853
1586.3449707
1586.6001551
1587.22867972
1587.77420431
1587.59485918
1587.80954214
1588.24406569
1587.76131735
1587.44728984
1587.09014939
1587.27694204
1587.20813231
1587.19187406
1587.17814128
1587.23409849
1587.00695929
1587.30309694
1587.55729668
1587.54452197
1587.81087821
1587.80037401
1587.83124241
1588.04159371
1588.18677479
1588.37495221
1588.41042514
1588.53361151
1588.60433793
1588.51287823
1588.5159842
1588.31850149
1588.28004599
1588.04532089
1588.11677358
1588.12586603
1587.09510553
1596.41333008
1582.01063121
1582.97503371
1583.70518838
1583.80161788
1584.78871065
1585.53434979
1585.97744966
1586.59799232
1585.69196831
1585.40605541
1586.00605183
1586.36137655
1586.78293569
1587.13074856
1587.73385842
1587.74058921
1587.90006368
1588.02941153
1588.16912043
1587.75085753
1587.8550632
1587.91102124
1588.35497149
1588.31866632
1588.35949367
1588.42543141
1588.60746782
1588.69274294
1588.6522695
1588.74785992
1588.851117
1588.76124074
1588.6462395
1588.67852765
1588.68194284
1588.5620665
1588.38217451
1588.21465888
1587.27390684
1591.31347656
1593.88689631
1591.30329241
1590.59076518
1587.65156667
1587.10465495
1587.72275431
1586.55800231
1586.62931014
1586.0490897
1587.07638822
1587.86346051
1588.10871421
1587.68539405
1587.80922921
1588.39213592
1588.13586426
1588.61999512
1588.87595498
1588.65682904
1588.54680151
1588.23548694
1588.38671433
1588.38622941
1588.40999315
1588.25641283
1588.37900634
1588.29999658
1588.41137044
1588.41667925
1588.08523712
1587.7105026
1587.65456611
1587.59882717
1587.64706394
1587.68351759
1587.68994546
1587.61091552
1587.54010635
1586.68848041
1578.66601562
1589.56196733
1585.12501744
1586.8176112
1586.71163717
1587.06590839
1587.64448522
1587.35678917
1586.31006311
1587.54784754
1588.23425656
1588.39631832
1587.95729254
1587.7403406
1588.38170348
1588.30083946
1588.53166019
1588.56626562
1588.1052408
1587.95161989
1588.15256906
1588.22707624
1587.93139869
1587.83027629
1587.97036477
1588.14496992
1587.87360297
1588.02750546
1588.13228034
1588.14618235
1588.12066306
1588.157099
1588.12464672
1588.1477154
1587.93088135
1587.79780044
1587.7705937
1587.7495795
1587.76270845
1586.73147799
1576.16137695
1590.9552002
1589.4425107
1589.52440619
1590.12976074
1590.33431229
1590.0239598
1589.65793835
1589.66451763
1589.53343653
1589.48873327
1589.04311831
1588.80887421
1588.99188186
1589.22686551
1589.0364966
1588.76646812
1588.90953733
1588.45862289
1588.39746222
1588.081778
1587.92949138
1588.06008014
1587.76243585
1587.459072
1587.26748426
1587.46994825
1587.23823711
1587.18329574
1587.3210143
1587.2985633
1587.41793774
1587.57396891
1587.53497923
1587.49332444
1587.5060204
1587.34819424
1587.26569377
1587.3106667
1586.40309512
1584.71447754
1594.35644531
1588.37252953
1588.46691107
1587.41698326
1586.8501934
1586.71741123
1586.57388864
1587.44890076
1587.35100581
1587.56054446
1587.0900417
1587.31013123
1586.87199577
1586.75326819
1586.49811478
1586.46032412
1586.48639951
1586.19307342
1586.09228516
1586.09085918
1586.20543797
1586.27729735
1586.3361716
1586.17701867
1586.48536713
1586.32804783
1586.25120269
1586.41043601
1586.38346396
1586.46144565
1586.32346788
1586.35029274
1586.47286794
1586.59460127
1586.77904369
1586.93464065
1586.94743804
1586.89857239
1585.86853402
1562.00878906
1583.06837047
1585.49291992
1586.38200526
1587.21541242
1587.53961541
1588.52436603
1588.27808993
1588.23201196
1588.54989322
1587.9315391
1588.51733178
1588.06495755
1588.40362502
1588.39980625
1588.12425626
1588.34030398
1588.32133047
1588.36343906
1588.4040604
1588.35809357
1588.1262693
1588.17849883
1588.51954922
1588.60588916
1588.73171426
1588.75740373
1588.71024021
1588.58377586
1588.50508249
1588.5092011
1588.26540402
1588.1966412
1587.98708341
1587.92179123
1587.90191703
1587.8701882
1587.74647674
1587.86613693
1586.88058018
1571.95629883
1593.70301403
1586.52789016
1585.95455047
1585.09041242
1584.92817718
1584.42587731
1584.93167157
1585.65091658
1586.43492311
1586.33129158
1586.46724227
1586.63532856
1586.97852867
1587.54067019
1586.97242424
1586.83486313
1586.37637989
1586.31372677
1586.39064545
1586.74594374
1586.64710977
1586.64557962
1586.61572636
1586.67315446
1586.81321394
1586.77881982
1586.68727523
1586.78870411
1586.84478949
1586.80218729
1586.80426516
1587.00900088
1587.10082123
1587.05959072
1587.0364246
1586.88764662
1587.02773924
1586.89349445
1585.86664396
1583.74572754
1590.0678267
1588.64083426
1586.66747653
1585.56842785
1585.02002432
1585.07548948
1585.60503721
1585.9682798
1586.49151276
1586.26260708
1586.43412492
1586.77397622
1586.70821748
1586.92887543
1586.88756758
1587.26822184
1587.71894988
1587.98435814
1587.87278995
1587.58906578
1587.64246994
1587.16444473
1586.91526788
1587.01234328
1586.99175807
1587.00274822
1587.20516371
1586.99472274
1586.94441648
1586.92429978
1587.02142942
1586.98375096
1586.90948652
1586.93727698
1586.92630466
1586.91928684
1586.83637643
1587.14318976
1586.16063289
1577.6685791
1587.75104315
1590.62636602
1590.11811287
1588.59696849
1587.58189482
1586.41659796
1586.97166078
1586.58558033
1586.00392637
1586.19663956
1586.60487269
1586.49535729
1586.93300949
1587.33604052
1587.8215429
1588.10594263
1587.71320972
1587.76404078
1587.53162196
1587.7598051
1587.75215272
1587.75657412
1587.83895385
1587.66968685
1587.26641141
1587.32176097
1587.41933405
1587.4525355
1587.56107669
1587.5110577
1587.47296437
1587.44515925
1587.43643493
1587.59654473
1587.39876198
1587.27768697
1587.29206819
1587.20333902
1586.18561928
1598.6619873
1583.80823864
1587.79130046
1588.02356745
1587.83207889
1587.37594545
1587.05404313
1586.89519662
1586.77830524
1586.84035349
1587.23679344
1587.52052981
1587.28484956
1586.72581051
1586.81870481
1586.62617139
1586.44291659
1586.47073239
1586.34899565
1586.29972608
1586.34115191
1586.73988841
1586.94615153
1586.76074959
1586.79295153
1586.47562776
1586.40396761
1586.63562777
1586.3492158
1586.65549115
1586.51611855
1586.52237576
1586.60954461
1586.60057524
1586.4926271
1586.55870608
1586.69745059
1586.63637886
1586.7154384
1585.92168119
1605.73693848
1586.38657449
1586.87944103
1588.61348601
1587.98559273
1587.71443924
1588.76236312
1587.37552095
1587.38849103
1587.07975216
1586.82681244
1586.57664366
1586.03805164
1586.09224322
1586.33192217
1586.73825215
1586.6653704
1586.43749215
1586.4129868
1586.51237959
1586.35771035
1586.12354557
1586.19050426
1586.22579573
1586.37137942
1586.58234931
1586.64701615
1586.55404652
1586.49055019
1586.69978296
1586.71512439
1586.78613713
1586.77879034
1586.53973075
1586.38778051
1586.45602026
1586.40389448
1586.40233355
1586.55690175
1585.63738027
1605.41247559
1592.37566584
1588.22734724
1588.29072423
1589.05354421
1588.45931229
1588.30977243
1588.02073304
1586.74975285
1587.0711965
1587.14233157
1586.99925328
1586.82230901
1586.77730834
1586.99390947
1587.38708739
1587.49770568
1587.42754948
1587.14103168
1587.21664541
1586.86259073
1587.06222462
1587.10333169
1587.31884131
1587.29274335
1587.29272121
1586.9662361
1586.8649551
1586.87054639
1587.01092676
1587.0641879
1587.08766415
1586.97272812
1586.86160509
1586.9084376
1587.05625772
1587.00322455
1587.0795984
1587.02042932
1586.11653156
1592.98046875
1592.75046609
1589.92188663
1589.08642972
1589.67947909
1588.39135503
1588.6091969
1588.35283306
1588.2684507
1588.16930079
1587.86813022
1587.51038587
1587.66592584
1587.65740454
1587.74142131
1588.04591541
1588.0229386
1588.03502062
1587.83090631
1587.62806837
1587.59382591
1587.43840193
1587.44925244
1587.19863429
1587.30489669
1587.47305018
1587.54152355
1587.17985822
1587.08726854
1587.10870256
1587.20162366
1587.06972334
1587.1109216
1587.0656978
1586.98428479
1586.71366374
1586.63948004
1586.60282532
1586.62379211
1585.78266898
1605.30102539
1590.94026323
1588.42299688
1584.32849909
1585.03776141
1585.41454839
1585.76954726
1586.48957932
1586.38857392
1587.20231478
1586.33387681
1585.98463124
1585.34414849
1585.44633379
1585.75535897
1586.14855472
1586.17543172
1585.6645879
1585.62722964
1585.75938024
1585.88415163
1585.7304404
1585.79168674
1585.99398421
1585.86277828
1585.82808366
1586.0862214
1586.31583644
1586.29181017
1586.26249312
1586.37767176
1586.50104721
1586.40506923
1586.43754979
1586.55258438
1586.61589515
1586.62616964
1586.66061689
1586.5257751
1585.71318742
1583.64208984
1593.73305442
1586.11810593
1586.17156786
1585.89580852
1585.90441416
1586.46604444
1586.89228241
1587.32458647
1586.66618196
1586.95085038
1587.26161428
1587.3190232
1587.3462585
1587.261298
1587.35705486
1586.96414241
1586.70538437
1586.36954595
1586.22075106
1586.39662527
1586.3677643
1586.31288057
1586.51090918
1586.63996248
1586.50861155
1586.43571478
1586.4907123
1586.43018621
1586.36086124
1586.28527508
1586.38260643
1586.61457877
1586.54166027
1586.78969612
1586.7906129
1586.67194838
1586.59704228
1586.53151016
1585.57172729
1569.29553223
1582.35421475
1587.20210193
1585.61155651
1585.77074898
1587.56890989
1588.54586442
1589.99323455
1589.29980017
1588.94258403
1588.94053
1588.94146674
1588.5687841
1587.99151285
1588.00326387
1588.05964792
1588.17320261
1587.95193
1588.19829209
1588.37167662
1588.37979657
1588.29194938
1588.04958982
1587.77651885
1587.65769002
1587.71537045
1587.52807009
1587.58035875
1587.55460583
1587.5418525
1587.45466203
1587.27650731
1587.06814984
1587.06967301
1587.01536654
1586.81868872
1586.79645333
1586.5967784
1586.61460929
1585.80849902
1585.12011719
1588.21756259
1585.9241769
1585.7937248
1586.0069848
1586.05195648
1585.40843926
1584.67963248
1584.96151771
1584.98755151
1584.3537646
1584.98974719
1585.5123745
1585.18215872
1584.89392003
1585.33913396
1584.78058051
1584.78173043
1584.86009124
1585.09386121
1585.13813926
1585.57654676
1585.52575849
1585.71005764
1585.96213592
1585.87712334
1586.05605506
1586.1192699
1586.26539954
1586.06870461
1586.04558698
1586.27076412
1586.4116633
1586.36446802
1586.42044989
1586.2803896
1586.27046791
1586.13798256
1586.19656428
1585.15576668
1580.6817627
1585.59958718
1592.70466541
1587.77507954
1587.66641459
1587.10017186
1587.00271356
1586.41780026
1586.31891246
1586.43895009
1586.5276459
1586.85123588
1587.05975897
1586.6682045
1587.03751454
1587.1660229
1587.37156156
1586.93164277
1587.01568098
1586.79097983
1586.98959184
1586.73839233
1586.82881213
1586.75847728
1586.68401365
1586.91028999
1586.81381658
1586.90096629
1586.53444077
1586.50709392
1586.57818786
1586.65773565
1586.58673875
1586.49893677
1586.31072157
1586.25446165
1586.25079802
1586.27736415
1586.25272496
1585.27521621
1577.81530762
1589.39456454
1586.51254999
1586.72986627
1585.74808856
1584.51574707
1584.7880179
1584.53722801
1585.19505329
1585.06072931
1585.89944428
1585.69996987
1585.43086381
1584.91836758
1585.55580518
1585.36535321
1585.39267972
1584.91087582
1584.81966168
1585.01513352
1585.13272019
1585.65023384
1585.49628266
1585.76794381
1586.03978884
1586.25464062
1586.36843767
1586.44626789
1586.30291118
1586.39467346
1586.54681092
1586.36502124
1586.41293535
1586.40304556
1586.46331948
1586.5358219
1586.53657443
1586.53734924
1586.69062224
1585.8182116
1590.27209473
1595.01718972
1592.24546015
1589.56018854
1589.85849669
1589.77145326
1587.92099649
1587.18814474
1586.77550215
1586.10372623
1586.34886608
1586.47180396
1586.52530689
1586.24410708
1586.14729991
1585.94298104
1586.52814138
1586.61883866
1586.68483064
1586.45860346
1586.13756656
1586.3945648
1586.41515837
1586.03925908
1585.96325177
1585.9751993
1586.14172597
1586.21755407
1586.52491798
1586.593763
1586.39142474
1586.41215569
1586.52934365
1586.67679617
1586.53038513
1586.50435419
1586.45559041
1586.48730436
1586.23258688
1585.17014258
1571.41748047
1585.10869806
1586.54944429
1587.2848176
1587.08152808
1585.59912349
1585.76516874
1586.10876981
1585.7641692
1585.84738796
1585.65567953
1585.72172588
1585.76470695
1586.26927313
1586.39113666
1586.39511412
1586.3451231
1586.39498527
1586.54792777
1586.26057091
1586.16964737
1586.17607804
1586.28015523
1586.19296886
1586.07138429
1586.18034065
1586.06325394
1585.82654664
1585.69509225
1585.70742053
1585.80678459
1585.82066537
1585.72693175
1586.01650826
1586.20221216
1586.22159831
1586.1500819
1586.13610182
1586.27869742
1585.44812988
1582.15368652
1584.52074086
1587.04943848
1586.14220404
1584.92503394
1584.10937261
1584.07308009
1583.77520494
1583.4794515
1584.17246925
1584.42629249
1585.57714514
1585.81204703
1585.60839005
1586.01233603
1586.36726107
1586.31381548
1586.45237402
1585.99135729
1585.82511159
1585.81365815
1585.69351211
1585.81143672
1585.78343881
1585.75017373
1585.62823462
1585.69647334
1585.94973451
1586.26053019
1586.32567688
1586.23501739
1586.00043843
1586.02091433
1585.97612585
1585.80561609
1585.77874252
1585.66596524
1585.61514389
1585.62987032
1584.67612627
1600.0802002
1591.03595526
1584.83260672
1585.71083512
1586.77559606
1587.28225289
1586.44589083
1586.89378679
1587.15265119
1586.90454638
1586.64363566
1586.46748421
1585.94023599
1586.06385768
1586.54406305
1586.34958593
1586.29754373
1586.43431546
1586.46741869
1586.24346381
1586.15171093
1586.38807599
1586.4120105
1586.25503659
1586.24039798
1586.41527591
1586.22045618
1586.20317995
1586.2806188
1586.28960615
1586.48244864
1586.50069082
1586.54376734
1586.6272039
1586.57188474
1586.56892382
1586.69116312
1586.60519664
1586.60884154
1585.61250945
1604.74865723
1585.78837447
1583.41488211
1585.69696242
1586.25987876
1586.61393947
1585.98057681
1584.69887489
1584.25104438
1584.8306697
1585.55805229
1586.1895664
1586.67576612
1586.35939457
1586.29987048
1586.72404915
1586.15460622
1586.44205872
1586.19153102
1586.27771699
1586.1592884
1585.93049918
1585.87723317
1585.75249848
1585.69079843
1585.85569441
1586.01962011
1585.85873807
1585.90660752
1585.93295571
1585.70332372
1585.76304661
1585.88066543
1586.04129517
1586.10216354
1586.07461696
1586.0413186
1586.07246929
1585.96918478
1585.07205648
1608.08764648
1584.35661177
1582.72921317
1587.01882639
1586.06279773
1585.28605383
1583.70611672
1582.77735579
1583.90241006
1583.97959279
1583.76770503
1584.20876443
1584.64311281
1585.00569537
1585.02403833
1584.87977529
1584.59016068
1584.46175416
1584.5457413
1584.40475831
1584.35652183
1584.98749097
1585.38940816
1585.44430687
1585.84528018
1585.54157588
1585.62445279
1585.57502189
1585.55941653
1585.64348715
1585.77035898
1585.59467593
1585.44577758
1585.45012893
1585.54376561
1585.56239045
1585.49017182
1585.55027783
1585.72722476
1584.86643854
1581.98364258
1585.7767112
1584.88040597
1585.98677309
1585.73040027
1585.52870567
1586.39091917
1586.03461639
1585.97264419
1586.18366753
1586.2055797
1586.98385483
1586.99408716
1587.10945234
1586.68136532
1586.77111655
1586.91550081
1586.54521884
1586.3113319
1586.23693592
1586.53855418
1586.25253744
1586.43201346
1586.5708235
1586.26252816
1586.13993538
1586.028448
1586.22314408
1586.1057585
1586.13364895
1585.98186992
1585.86074172
1585.86669656
1585.93839543
1586.12514928
1586.27234721
1586.36716484
1586.44516246
1586.51047177
1585.5698183
1582.65319824
1583.05912642
1586.14684477
1589.00541835
1587.8610036
1588.80155915
1589.01576108
1588.9073727
1589.02036012
1589.20000751
1588.85319776
1588.39017631
1588.29123152
1588.07270172
1587.84331972
1588.00357238
1588.35399557
1588.35588208
1588.0177764
1587.97916113
1587.77142972
1587.62932164
1587.30502554
1587.14995466
1587.19773668
1587.1129734
1587.21709153
1587.21924684
1587.16175229
1586.78006957
1586.74900519
1586.64741423
1586.50306126
1586.31862343
1586.38023614
1586.23781697
1586.26962931
1586.10084423
1586.15665946
1585.21933836
1590.38537598
1581.32747026
1578.84369768
1580.1521508
1581.06231243
1581.8972168
1582.23352851
1582.40513245
1582.4608953
1582.73382367
1583.29967053
1583.33023869
1584.00472543
1584.27583791
1584.17749023
1584.45107002
1584.57998638
1584.51595766
1584.59307153
1585.13535297
1584.92848259
1585.01549599
1585.10818136
1585.10217232
1585.4333876
1585.51515325
1585.49548808
1585.94519223
1585.87353559
1586.11303669
1586.02560029
1586.09964038
1586.17029873
1586.17889976
1585.99970538
1586.02018473
1586.09596519
1586.32757618
1586.26491533
1585.32239648
1581.00134277
1587.94105114
1587.42554874
1585.96882482
1585.69302591
1585.84407073
1586.27261503
1587.0052026
1586.76390697
1586.20347511
1585.2827922
1584.82261754
1585.04582681
1585.4476132
1585.5278026
1585.43329464
1585.29164493
1585.14320133
1585.35111671
1585.32872257
1585.28414203
1585.36489767
1585.02055587
1584.69356283
1584.90909713
1584.94864633
1585.34235999
1585.3025596
1585.20094077
1585.15061757
1585.48638409
1585.6278716
1585.66183329
1585.55112238
1585.27709567
1585.45079906
1585.3752296
1585.51576286
1585.48592795
1584.62323914
1605.80480957
1587.96024947
1587.86851865
1587.72699171
1588.56834747
1588.79260254
1587.88758725
1588.2116854
1587.67253056
1586.98681104
1586.67381966
1586.8268834
1586.51559171
1585.98597496
1585.91467458
1586.18977892
1586.07020938
1586.23087137
1586.13107586
1586.19473986
1585.98341362
1586.02873223
1586.08932012
1585.76486668
1586.1305889
1586.12741952
1586.10910701
1586.00058423
1586.04253738
1585.99437218
1585.97724828
1585.89759832
1585.98433925
1586.1065943
1586.07113227
1586.13122176
1586.21788672
1585.93508557
1586.12379436
1585.13907775
1584.52380371
1583.76923162
1583.20399112
1583.7834512
1584.32476658
1584.71424776
1585.02111616
1584.4823703
1584.78271032
1584.32756965
1584.63595611
1585.03091678
1585.26421867
1585.53825646
1585.13803122
1585.12257961
1585.61980405
1586.03623061
1586.26527835
1586.36101368
1586.25177822
1586.27915861
1586.0688112
1585.93067093
1585.8516481
1586.01105247
1585.93931843
1585.61529158
1585.56264987
1585.64535344
1585.73888065
1585.66970442
1585.6739502
1585.54313434
1585.43763209
1585.20565648
1585.05954089
1585.07414867
1585.1638834
1584.32128012
1573.02478027
1581.92937678
1584.11683873
1583.84584488
1584.27088296
1582.64930396
1583.51786229
1584.25699239
1584.40943287
1585.28748229
1585.20798122
1585.55667472
1585.79177831
1584.85748524
1584.79410894
1585.42213854
1585.20278912
1584.94299959
1585.03088311
1585.10410425
1585.43608496
1585.93381359
1586.15776014
1586.05053447
1586.10657397
1585.92591013
1586.20890393
1586.37523603
1586.50135016
1586.35726499
1586.38578518
1586.43201233
1586.42459021
1586.46317828
1586.62724094
1586.4085429
1586.28301715
1586.19783616
1586.27096726
1585.37256344
1582.7746582
1589.97420987
1588.44899786
1588.38471443
1589.46354861
1587.72890577
1587.96446953
1587.05260715
1587.54771442
1586.86015169
1586.21404606
1585.96449404
1586.11074602
1586.29983823
1586.38633263
1585.95627781
1585.71364276
1586.01275528
1586.19486873
1586.28366201
1586.40265227
1586.41115248
1586.60262026
1586.78607627
1586.91227906
1586.96383801
1586.88822148
1586.48559165
1586.62512337
1586.40786754
1586.42452891
1586.42301563
1586.36827739
1586.51310652
1586.3609211
1586.21858898
1586.44024979
1586.33881125
1586.31044755
1585.53611084
1575.76196289
1584.29287997
1583.82077172
1585.73652895
1587.100053
1588.64436131
1588.65306817
1588.33235792
1587.69154339
1587.73949525
1587.6239763
1587.22684953
1587.12032501
1586.75118809
1586.90827498
1586.61580835
1586.51220097
1586.49532492
1586.46207862
1586.61000708
1586.42397145
1586.04016865
1586.08266204
1586.13528139
1586.12449956
1585.95766786
1586.04352625
1585.9819399
1585.8527163
1585.4789305
1585.41081162
1585.44450275
1585.54131871
1585.56477951
1585.63861567
1585.83401081
1585.65437025
1585.88326393
1586.04409558
1585.07306637
1603.41455078
1592.70466752
1586.59870838
1588.60174364
1588.21270901
1586.93810796
1588.04563629
1586.95990076
1585.72436976
1585.94740111
1586.16544032
1586.31302897
1586.58594154
1586.59112316
1586.20395179
1585.8955547
1586.25005156
1586.34726434
1586.24737313
1586.13252107
1586.18040595
1586.04754957
1586.11427604
1586.1892222
1586.03040513
1586.10613941
1586.1663215
1586.12149555
1586.22315105
1586.12608815
1586.02982531
1585.79717959
1585.72025249
1585.96111415
1585.92743869
1585.82703645
1585.83653703
1585.93565875
1586.04742127
1585.06502902
1577.640625
1585.09469327
1585.21730259
1586.24282542
1584.39513267
1585.06366086
1585.74586362
1585.83537701
1585.68913514
1585.96878756
1586.16558898
1586.29260914
1586.09952161
1585.43782614
1585.14703412
1585.2480105
1585.62701302
1585.52494232
1585.61021398
1585.55449257
1585.82415863
1585.77192117
1585.76856408
1585.76793007
1585.43995407
1585.29828246
1585.37790443
1585.46389241
1585.39198819
1585.18853739
1585.46671658
1585.43178468
1585.58783548
1585.66256594
1585.79001042
1585.50106316
1585.58468129
1585.54600768
1585.6368546
1584.70366617
1588.95935059
1586.91123269
1587.82955497
1588.60606729
1588.02562881
1586.9734533
1586.46605645
1587.09580284
1586.74652175
1586.68780853
1586.96017003
1586.60323079
1586.86573779
1586.79734464
1586.59052163
1586.5419744
1586.22435386
1586.40243227
1586.26193861
1586.08033697
1585.98569895
1585.99485685
1586.07761462
1586.11967065
1586.10432656
1586.00785043
1586.02244878
1586.17587765
1586.2381014
1586.01045358
1585.993832
1586.09276205
1586.08227311
1586.00009035
1585.85636692
1585.82652591
1585.84782363
1585.67901759
1585.68285076
1584.90623139
1591.1373291
1583.08816806
1584.21386137
1586.4459701
1586.48653952
1585.410544
1585.01952325
1585.01335552
1585.7058226
1585.13035768
1584.38357151
1584.36036036
1584.62165669
1584.54534027
1584.64809553
1585.17785483
1585.066614
1584.89369318
1585.12512072
1585.15943278
1584.9962802
1585.03330957
1585.33915386
1585.53754745
1585.66180445
1585.78803974
1585.81479735
1585.69148463
1585.8429333
1585.82497844
1585.72777144
1585.74084865
1585.67732823
1585.61390488
1585.65869857
1585.88995518
1585.97382522
1586.029211
1585.96996269
1585.04480301
1577.05419922
1580.92962092
1582.05616397
1584.7778084
1585.17400379
1584.94341921
1585.7984379
1585.90075512
1585.83661265
1585.20566701
1585.06936857
1584.80404966
1584.69188041
1585.18457684
1585.41365993
1585.30070688
1585.49673215
1585.40099241
1585.79383134
1585.61726803
1585.3450867
1585.43035513
1585.19066333
1584.9724956
1585.07325232
1585.03119991
1584.95266057
1584.84827381
1585.11619791
1585.05232999
1584.88954299
1584.98852147
1585.06825366
1585.28866088
1585.28124499
1585.31357046
1585.19558707
1585.19850804
1585.27374732
1584.35273367
1571.36914062
1586.6895641
1585.36860003
1585.73895067
1585.2536502
1585.79583621
1585.99944168
1585.80722519
1585.61460292
1585.8778103
1585.90859713
1585.61921101
1585.74937048
1585.36448984
1585.52897828
1585.339349
1585.31705679
1585.30290142
1585.04114579
1584.98386627
1584.69847661
1584.70129857
1584.9505676
1585.20168816
1585.31087966
1585.44456062
1585.32139196
1585.17872896
1585.23415562
1585.65361941
1585.62591289
1585.89678778
1585.78447174
1585.74096053
1585.6269857
1585.56126678
1585.59752167
1585.44377132
1585.40590365
1584.48122879
1577.58740234
1581.11692116
1581.24356515
1584.58755985
1584.6156512
1584.53708305
1585.02003954
1584.75808587
1585.26819752
1585.32816122
1585.54421121
1586.02161744
1585.61738019
1585.74394774
1585.24323765
1585.16580059
1585.06720464
1585.15691032
1585.05332449
1585.21167823
1585.22670704
1585.55307224
1585.46755802
1585.53512454
1585.56421506
1585.60127702
1585.52462733
1585.43633425
1585.67117777
1585.87661376
1586.08466489
1586.06283481
1585.97101191
1586.05300802
1585.99576083
1585.93734698
1585.97523224
1585.85961815
1585.71782278
1584.8688508
1597.11535645
1584.53179377
1587.1781064
1585.92081574
1586.57957793
1585.70525764
1585.42834873
1585.52227869
1585.03973163
1585.10602947
1585.36266848
1585.57130006
1585.41579368
1585.09616438
1585.48242361
1585.74408727
1586.24707714
1586.3297833
1586.26788499
1586.14911304
1585.84580941
1585.72059783
1585.61538296
1585.47215
1585.63318682
1585.95706773
1586.03714071
1586.04298722
1585.96570997
1585.92670705
1586.04795052
1585.98813053
1585.93835791
1585.65914391
1585.47629581
1585.5198686
1585.49387518
1585.42708454
1585.40802402
1584.64374225
1570.94262695
1593.51404918
1588.58910552
1587.52669402
1588.39306343
1588.58728027
1588.96142778
1588.89956192
1588.72539304
1588.09990717
1587.76172238
1587.71664841
1586.79420257
1586.49195454
1586.74704088
1586.85339598
1586.82985066
1587.0777438
1586.92568211
1586.87375245
1586.88723618
1586.59577023
1586.63359684
1586.67855188
1586.87312336
1586.55173301
1586.5608738
1586.30394111
1586.41274318
1586.35600234
1586.11440219
1586.15484874
1586.07291248
1586.16693761
1586.18106679
1586.26230858
1586.25744527
1586.29423683
1586.14125233
1584.99389275
1606.90429688
1594.47523082
1590.92370605
1587.51841687
1588.38063905
1588.45684934
1589.72921803
1589.4472811
1588.75666564
1589.02842226
1588.60397732
1588.9658665
1588.12842604
1588.22105163
1587.54823336
1587.62680599
1587.21325608
1586.92255959
1586.72588875
1586.70140004
1586.44255347
1586.57971018
1586.91607528
1586.6873848
1586.79307968
1587.18887244
1587.22774859
1587.09191174
1586.86261573
1587.10051966
1587.05727085
1587.20947266
1586.99665466
1587.19698903
1587.18747673
1587.08299634
1587.16051063
1587.01666539
1586.87808091
1585.88652229
1591.34985352
1583.13646351
1584.79563686
1585.33631552
1586.71175329
1586.77389467
1587.14619021
1586.65120901
1587.32599857
1586.623896
1586.38162201
1586.39152238
1586.43540866
1586.39556186
1586.78104049
1586.87004281
1587.01456276
1586.85773383
1586.51135591
1586.14103723
1586.31777271
1585.84665944
1585.7303638
1585.85171786
1585.73978358
1585.65412131
1585.68579897
1585.69473008
1585.59228125
1585.60316284
1585.57341779
1585.62254015
1585.68681093
1585.54264311
1585.43002829
1585.41383679
1585.51764034
1585.67629552
1585.49198469
1584.8115324
1587.60241699
1578.35903098
1583.32560221
1586.95346365
1584.60428377
1584.18176748
1585.42954742
1586.28978117
1585.71010863
1586.2251057
1586.60448856
1586.34153184
1586.38567964
1586.4781196
1586.35513284
1586.00654572
1585.62516756
1585.83483744
1586.25489023
1586.17745636
1586.27205161
1586.4275504
1586.37656427
1586.48130263
1586.60430782
1586.63687146
1586.39158145
1586.33914106
1586.20788618
1585.98496522
1585.92507235
1585.87348138
1585.88830034
1586.14421335
1586.14309612
1586.10617752
1586.05155831
1586.01617547
1586.18132792
1585.48524184
1592.56787109
1595.34812234
1592.33360654
1590.65085528
1590.41624786
1588.69945092
1589.14262815
1588.9691506
1587.85897413
1587.49586034
1587.5961902
1587.74231287
1588.26672363
1588.60302455
1588.48059948
1588.06843294
1588.3835889
1588.07834344
1587.91769021
1587.97515262
1587.94756139
1587.68574126
1587.77280064
1587.55652437
1587.33918376
1587.49515123
1587.31026064
1587.04234579
1587.01702468
1586.86796145
1587.03530468
1587.21250793
1587.14692474
1587.1637387
1587.09946511
1587.12787161
1586.8629989
1586.70443882
1586.71872982
1585.80186363
1602.82568359
1584.17570357
1585.50204032
1584.89068013
1583.27143972
1583.65762628
1583.30206799
1583.24246259
1583.56311487
1584.52462869
1585.04793254
1585.23587284
1585.38453863
1585.53610486
1585.91042896
1585.75583189
1585.85247841
1586.08745446
1586.48652708
1586.50479078
1586.43857434
1586.20159189
1586.12032929
1586.35076244
1586.10351005
1586.2149201
1586.14859137
1585.78068424
1585.73893548
1585.66463384
1585.49302658
1585.5546663
1585.75659066
1586.04183213
1585.97203802
1585.86284548
1585.84509615
1585.85157533
1585.76280008
1585.01471506
1586.50109863
1585.01382724
1582.9415632
1586.083059
1585.34916575
1584.59723738
1584.73479124
1584.62834748
1585.02859459
1584.55180074
1584.59120828
1584.10455487
1584.31033098
1584.51672456
1584.58172997
1584.73774446
1585.01664326
1585.45032381
1585.65368248
1585.79333432
1585.76755201
1585.73958526
1585.77989066
1585.88271527
1585.90772345
1585.76402398
1585.58220757
1585.8058573
1585.82807765
1585.51886972
1585.81889957
1585.92959683
1585.97136405
1585.77241078
1585.76784697
1585.57585957
1585.64047385
1585.74152977
1585.81540822
1584.84799582
1587.66455078
1583.04121538
1583.18557013
1584.36119818
1585.03356338
1585.29030714
1585.31813725
1586.25902289
1586.44266011
1586.03448956
1586.61298756
1586.30067897
1586.66285088
1586.87318479
1586.95577678
1586.74897897
1586.6355352
1586.93358447
1586.19489368
1586.1274772
1586.21171183
1586.16706798
1585.63528373
1585.54746421
1585.43997788
1585.44755062
1585.50306439
1585.63640524
1585.73498709
1585.77424711
1585.67630725
1585.66874788
1585.9623377
1585.97536798
1586.02022573
1585.98116883
1586.05328217
1585.99729636
1586.02226133
1585.10260563
1578.01733398
1584.65631658
1580.29602051
1582.55086394
1584.54817609
1585.34222292
1585.80054511
1585.28189474
1584.96224109
1585.17189646
1585.4481177
1585.95387722
1586.08075405
1586.59886857
1586.51276804
1586.52103166
1586.27022652
1586.07250191
1586.20757348
1586.17650792
1586.06017702
1585.84855124
1585.90195544
1585.94690311
1586.16906434
1586.03121158
1585.8366283
1586.02366497
1586.15488203
1586.02876539
1585.99399057
1586.11278747
1586.00540342
1585.97014477
1586.00508901
1586.07178917
1586.13241755
1586.0096021
1586.04814056
1585.0094943
1601.15722656
1580.20202637
1580.76799665
1581.8168709
1581.81914837
1581.61119887
1582.90516137
1583.02704803
1583.1764549
1583.96439035
1584.80795439
1584.99723527
1584.99093048
1585.03846892
1584.85488351
1584.72478318
1584.4767149
1584.67840683
1584.44917626
1584.61846061
1585.00643025
1585.05859722
1585.36574751
1585.62232132
1585.91650543
1585.85953306
1586.04442377
1586.04461828
1586.03553462
1585.89725119
1585.82716993
1585.77110639
1585.90193153
1585.92800654
1585.85968859
1585.98804233
1586.01775667
1585.86057761
1585.80067584
1584.94760555
1596.04125977
1584.3005926
1589.97212147
1588.17669481
1587.39958972
1587.0911219
1586.52744181
1585.81946317
1585.737157
1585.04314314
1585.1260515
1585.3770752
1586.14399354
1586.48694314
1585.99129059
1585.79367126
1585.88938079
1585.61183568
1585.54464469
1585.52756233
1585.64109142
1585.73489973
1585.73753668
1586.1206451
1586.24629788
1586.54088529
1586.68385099
1586.47172383
1586.4297531
1586.47569878
1586.20113578
1586.26778458
1586.14966885
1586.12159568
1586.02353487
1585.93742766
1585.92355118
1586.00623184
1585.92155941
1584.98320322
1591.65661621
1585.63230202
1584.77645438
1585.91686224
1585.66919243
1585.53394273
1585.63173188
1586.15208414
1587.11534137
1587.13185606
1586.56731634
1586.53073313
1586.72490497
1586.72642459
1586.39728259
1585.96339022
1585.66892181
1585.17980386
1584.855027
1585.01928711
1585.00736977
1585.10034411
1585.48203909
1585.48292442
1585.61651029
1585.83259443
1585.46961338
1585.30924644
1585.2697945
1585.04721562
1585.28491576
1585.42394274
1585.22806613
1585.11874528
1585.26305723
1585.3945163
1585.32888583
1585.32593497
1585.49071689
1584.60537922
1602.08459473
1588.77347079
1584.83911714
1585.0083441
1584.21030928
1583.87511489
1582.6774302
1583.56683608
1584.01770924
1583.75477952
1584.27569278
1583.9889158
1584.24387429
1584.64609673
1584.96873615
1585.03792183
1585.00372731
1585.11652075
1585.40178398
1585.59103186
1585.9139459
1585.82215108
1585.83809002
1585.93508132
1586.10793852
1586.27202324
1586.32001036
1586.38490706
1586.42738293
1586.39872695
1586.36170164
1586.37629724
1586.55086986
1586.73469548
1586.57219833
1586.60948351
1586.52888501
1586.49748818
1586.4133179
1585.54204498
1572.91577148
1583.37466708
1585.27594285
1584.5063831
1585.77676913
1585.44677974
1585.9796903
1586.83350125
1586.99918017
1587.89723155
1587.32561229
1587.28497699
1587.26248547
1587.11073641
1587.18891982
1587.09076857
1586.60223806
1586.58630514
1586.62541342
1586.81590199
1586.13045004
1586.1708186
1585.90621134
1586.22892253
1585.81828694
1585.77809903
1585.89142243
1585.92166329
1585.88966755
1585.83457249
1585.92206804
1586.26038854
1586.1599007
1586.13892745
1586.21096793
1586.17199603
1586.17734416
1586.10469224
1586.11809806
1585.20593947
1590.5592041
1580.31913619
1582.12901669
1580.97414472
1581.46350991
1583.03162579
1584.55460345
1585.18833214
1585.2383129
1585.14913639
1585.06224256
1584.74222489
1585.57042246
1585.61122469
1585.64508793
1586.12792807
1585.84595561
1585.78366071
1585.59958712
1585.80946486
1585.63027453
1585.63114633
1585.62439296
1585.75984225
1585.81354342
1585.87202606
1585.6786651
1585.43084965
1585.25649318
1585.31608073
1585.27666121
1585.33235311
1585.05345006
1585.06615621
1584.87533006
1584.97053793
1585.14028246
1585.21600687
1585.29932121
1584.15140816
1587.0291748
1589.32510653
1588.43643043
1587.64880765
1586.77988639
1585.38052189
1585.17876497
1584.57388177
1585.17196241
1584.75004561
1584.57996572
1584.46864223
1584.36853834
1584.74370546
1585.45618455
1585.51212376
1585.52304551
1585.89186926
1585.91938638
1585.8509841
1585.75350299
1585.63989721
1585.74052436
1585.66300773
1585.91071342
1585.73511715
1585.77331543
1585.67727808
1586.01796779
1585.96847314
1585.87938034
1585.73224996
1585.87113216
1585.58510145
1585.60675568
1585.56627409
1585.42263583
1585.48455268
1585.54573792
1584.40076291
1579.99450684
1584.88957076
1584.07463146
1583.67257592
1584.81300615
1585.51668773
1585.90046467
1585.52354066
1585.81662025
1586.13145363
1585.87488276
1586.00470246
1585.68637009
1585.71682576
1586.19772793
1586.0503916
1586.14479889
1585.95288229
1586.13758875
1586.36845358
1586.40351162
1586.31516703
1586.66488882
1586.66007064
1586.48336551
1586.61575962
1586.67280339
1586.34888776
1586.410138
1586.48774641
1586.3091749
1586.38150191
1586.36336377
1586.27357653
1586.21417934
1586.13784486
1586.23648029
1586.11771
1586.00195665
1585.0696898
1579.12438965
1584.30350009
1589.45490374
1588.3566422
1589.4378543
1589.24132822
1587.92792849
1587.35703331
1586.72156967
1586.61793736
1585.96421164
1586.11232338
1586.2307028
1586.26929456
1586.3020184
1586.58061249
1586.31255383
1586.08531715
1585.96583313
1586.07738555
1585.96795199
1586.14673257
1585.71134293
1585.75163289
1585.83496144
1586.00263545
1585.94042828
1585.8158504
1585.72343906
1585.79973002
1585.81948477
1585.78930115
1585.84980864
1585.84773775
1585.72904507
1585.74707379
1585.63811867
1585.82438129
1585.78517035
1584.91923838
1599.35998535
1587.77557928
1586.90477934
1587.02265783
1588.88456317
1587.61346316
1587.54446361
1587.46211522
1587.90961372
1588.30536626
1588.36153238
1587.28182626
1587.19079489
1586.47064535
1586.28610684
1585.55747895
1585.75067859
1585.75171184
1585.58235565
1585.53687546
1585.37051862
1585.38286399
1585.52619761
1585.40912579
1585.47904493
1585.31766878
1585.56805771
1585.59036942
1585.67355922
1585.86621597
1585.9791714
1585.94205782
1585.55454451
1585.78864466
1585.6809977
1585.65451806
1585.66890676
1585.53841135
1585.68403718
1584.63736742
1578.31591797
1586.19102894
1589.13078381
1588.6941233
1588.60198528
1588.72810394
1588.75613353
1587.8844785
1588.7939001
1588.79424848
1588.18445549
1588.13986838
1587.90153869
1587.18805165
1587.40688719
1587.54370926
1587.60257773
1587.52720169
1587.57643018
1587.55401899
1587.38374594
1587.14696861
1587.15618814
1587.1560307
1587.10662361
1587.08293973
1586.94394915
1586.68393023
1586.56739107
1586.58637502
1586.41109104
1586.50651644
1586.64489556
1586.62126155
1586.49285405
1586.52213959
1586.41167925
1586.49273501
1586.42140306
1585.47715582
1577.33959961
1585.83809038
1585.63934617
1584.08482705
1586.41479194
1585.76118499
1587.55498567
1587.80152915
1587.90669006
1587.71133993
1587.17997999
1587.36394659
1587.00110771
1586.47441276
1586.62943522
1586.89128709
1587.22265928
1587.26313291
1587.38648135
1586.95262138
1586.89742085
1587.02734896
1587.01501851
1586.75142574
1586.14098209
1586.10315865
1586.15432353
1586.19416747
1586.44020596
1586.45253059
1586.32489399
1586.22125892
1586.05143914
1586.02007964
1585.96175655
1585.91173899
1585.80094187
1585.67597571
1585.73662097
1584.67111721
1610.70935059
1583.97798295
1582.9164574
1583.38586426
1584.61066418
1584.87896848
1586.61077781
1586.94717794
1586.59301456
1586.57479557
1586.70005632
1586.11733926
1586.07729169
1585.6386374
1585.69424071
1585.60883821
1585.69227818
1585.86843462
1585.75346855
1585.54148921
1585.42361799
1585.35236666
1585.43587994
1585.36523702
1585.41688075
1585.24785818
1585.60335474
1585.56566257
1585.45585008
1585.34281203
1585.44821461
1585.40293134
1585.62292252
1585.71159616
1585.69511633
1585.91774721
1585.93663063
1585.81873217
1585.81190086
1584.75770248
1600.87365723
1590.47524192
1589.25283668
1588.05150973
1589.51331162
1588.32498707
1586.82087683
1586.51949343
1586.31583056
1586.20924461
1586.45978327
1586.27625282
1586.63811802
1586.52708936
1586.26085041
1586.4559019
1586.20846804
1586.3004286
1586.58694981
1586.44853618
1586.48374279
1586.40153323
1586.36730902
1586.29458261
1586.09963116
1586.20832004
1586.41771572
1586.50585938
1586.37221888
1586.32418603
1586.18495234
1586.17148131
1585.93499128
1585.9725895
1585.96835801
1586.03414908
1586.0896926
1586.08064603
1586.10043695
1585.18201424
1575.04467773
1579.78150524
1586.98465983
1585.29431152
1586.02687631
1586.40622606
1586.64847152
1587.35685794
1587.34900957
1587.66493846
1587.2407988
1586.68614843
1586.41941443
1586.12217654
1586.1208877
1586.06830359
1585.69866299
1585.91470997
1586.05267975
1585.94269789
1585.85376098
1585.77727548
1585.85656131
1585.86058513
1585.76627537
1585.82132165
1586.05412111
1585.93853287
1585.81433279
1585.69502054
1585.91717996
1585.63058894
1585.3409709
1585.45221961
1585.5489996
1585.57705941
1585.8566438
1585.95086752
1585.75726783
1584.6924499
1608.4654541
1581.67041016
1581.84587751
1583.28060421
1584.67778201
1584.94732786
1585.92184899
1586.73275886
1587.40197302
1587.43510689
1586.56926825
1586.50201691
1585.95924365
1585.67604216
1585.41993746
1585.39166139
1585.72912067
1585.77263084
1586.00232203
1586.19302576
1586.27986532
1586.08486027
1586.13772017
1586.03190633
1586.12474117
1585.86762374
1586.07458122
1586.03975213
1586.06168678
1585.96558121
1585.89736888
1585.84545702
1585.72656364
1585.5711386
1585.54257354
1585.50629236
1585.36194964
1585.36441575
1585.38174879
1584.60742668
1599.00646973
1578.61426891
1579.98271833
1581.94324518
1583.47454685
1584.43810078
1584.99393651
1584.77017599
1584.32755835
1584.74721385
1584.68287946
1585.03302167
1585.45971276
1585.42265215
1585.52165493
1586.14742537
1585.83767454
1585.8656684
1585.97344128
1585.56078079
1585.60244614
1585.57011001
1585.38704519
1585.70963542
1585.71482501
1585.34954664
1585.42439779
1585.44761021
1585.44461266
1585.50221153
1585.54967045
1585.60185492
1585.67015537
1585.60803555
1585.45374537
1585.29870466
1585.37860902
1585.44695074
1585.43490929
1584.40318639
1585.34008789
1586.84246271
1585.66913714
1585.92574581
1584.5819985
1584.71120079
1584.89576396
1585.79307191
1585.57516065
1586.08168382
1586.35758262
1586.52677519
1586.42971978
1586.74978847
1586.65637726
1587.05189767
1587.44784868
1587.37725437
1587.39196508
1587.05625588
1587.25327221
1587.7059303
1588.08112152
1588.05541622
1588.34878477
1588.1004483
1587.87405805
1587.95732719
1587.94537983
1587.88359694
1587.79933182
1587.63806192
1587.44172797
1587.59217968
1587.33983766
1586.973501
1586.87801287
1586.88196459
1586.81727836
1585.78449545
1577.27429199
1583.78245961
1583.21005394
1581.39381458
1582.23099574
1583.74420286
1583.69291312
1584.62268582
1584.9894477
1585.60023046
1585.2988801
1585.13576528
1584.98948178
1585.37158949
1585.33878494
1585.36329095
1585.0992606
1585.21100318
1585.2769047
1585.25812055
1585.15193503
1585.26869758
1585.45824698
1585.37485151
1585.64772686
1585.57843188
1585.70429051
1585.67942399
1585.850155
1585.70197687
1585.79936994
1585.9127315
1585.76562956
1585.8248929
1585.78604833
1585.8810117
1585.79351688
1585.8726369
1585.70205424
1584.90269111
1592.23669434
1588.16704767
1588.2951602
1587.77340206
1585.95296125
1587.10137341
1587.07358038
1586.5300654
1586.37635332
1586.46056324
1586.70571023
1586.21563556
1586.44385472
1586.70939904
1586.73810377
1586.47282197
1586.44800563
1586.28837719
1586.12882937
1586.20537403
1586.29964618
1586.3045608
1586.18190576
1586.191095
1585.92519926
1586.01102426
1585.98363743
1585.98176197
1586.00111471
1586.06800197
1586.1535823
1586.05360457
1585.94946517
1586.02842726
1586.13182663
1586.03970867
1586.21451643
1586.13437276
1585.97474875
1584.88830232
1604.61914062
1589.96908292
1589.36163039
1588.6326353
1585.0566704
1586.31228219
1585.54090756
1586.3155999
1586.2992938
1586.70038848
1587.2932008
1587.47047878
1587.19870928
1586.62972626
1586.5281134
1586.56562613
1586.49691412
1586.29506536
1586.1658369
1585.82359817
1585.790814
1585.60202475
1585.33771221
1585.26580943
1585.47216544
1585.68926589
1585.80097394
1585.8854476
1585.97503467
1586.01356616
1585.95762822
1586.13439431
1586.04889087
1586.11415271
1586.04799189
1586.24405959
1586.19796322
1586.06488152
1