2620.66	2395.17	2308.15	2172.33	1840.84	1590.02	1572.1	1420.3	1206.4	1023.47	1000.57	1000.62	
2485.11	2270.17	2187.25	2057.79	1741.91	1502.76	1485.68	1340.97	1137.01	963.452	941.58	941.59	
1789.31	1566.49	1471.0	1334.32	1025.5	786.19	768.435	610.662	440.663	58.4048	67.6911	60.9256	
1699.92	1487.53	1396.52	1266.24	971.937	743.807	726.885	576.488	414.42	50.053	58.8557	52.361	
1843.3	1619.96	1525.25	1388.3	1070.09	833.703	816.1	662.035	488.571	104.567	111.077	115.09	
1756.9	1544.03	1453.75	1323.23	1019.93	794.623	777.845	631.002	465.669	99.6653	105.871	109.695	
4535.75	4315.13	4218.92	4085.21	3763.29	3535.85	3517.54	3365.05	3204.71	2831.15	2853.82	2860.1	
4340.55	4130.26	4038.56	3911.12	3604.23	3387.43	3369.98	3224.64	3071.72	2715.59	2737.11	2743.07	
3664.47	3442.55	3347.68	3211.87	2886.92	2657.01	2639.1	2488.84	2321.7	1960.46	1976.25	1984.18	
3492.7	3281.19	3190.76	3061.32	2751.6	2532.47	2515.39	2372.18	2212.88	1868.57	1883.61	1891.18	
4304.46	4083.23	3986.46	3863.22	3544.91	3312.42	3292.94	3126.27	2971.15	2782.49	2775.82	2768.43	
4102.84	3891.98	3799.75	3682.28	3378.9	3157.3	3138.74	2979.87	2832.03	2652.21	2645.85	2638.81	
3117.42	2897.9	2813.09	2669.18	2369.21	2109.31	2090.88	1944.59	1740.49	1524.94	1532.26	1540.36	
2971.3	2762.07	2681.22	2544.05	2258.16	2010.43	1992.88	1853.44	1658.92	1453.5	1460.47	1468.18	
3220.38	2992.98	2901.57	2765.01	2431.32	2188.75	2171.81	2018.78	1821.6	1578.43	1552.72	1550.08	
3066.41	2849.65	2762.53	2632.33	2314.23	2083.01	2066.87	1921.06	1733.0	1501.22	1476.61	1474.12	
1827.57	1606.31	1511.17	1379.56	1022.57	821.731	802.989	667.198	552.149	449.652	451.956	465.809	
1745.46	1534.71	1444.04	1318.8	978.268	787.201	769.287	639.958	530.76	433.691	436.011	449.225	
6187.99	5966.85	5871.96	5736.23	5412.33	5183.34	5165.25	5015.67	4851.55	4496.34	4515.88	4525.33	
5941.69	5730.89	5640.47	5511.07	5202.3	4984.01	4966.78	4824.23	4667.71	4329.34	4347.84	4356.86	
1709.82	1450.43	1376.53	1230.87	893.252	600.2	589.471	454.435	430.208	752.917	731.155	733.622	
1629.69	1382.46	1312.02	1173.19	851.398	572.082	561.857	433.152	410.064	717.646	696.904	699.255	
2826.81	2600.26	2500.61	2361.92	2071.28	1825.92	1809.36	1643.78	1489.27	1250.49	1244.49	1235.46	
2696.71	2480.88	2386.15	2254.2	1975.39	1742.02	1726.18	1568.79	1420.19	1184.68	1179.36	1171.08	
1797.69	1577.89	1481.09	1349.92	1041.12	807.486	788.626	628.105	468.666	104.227	129.336	125.196	
1713.42	1503.93	1411.66	1286.64	992.32	769.635	751.66	598.663	446.697	99.3418	123.274	119.328	
5701.83	5474.11	5382.43	5238.9	4916.98	4669.84	4653.89	4504.46	4307.49	4010.7	3991.13	3991.14	
5446.43	5229.36	5141.92	5005.1	4698.26	4462.8	4447.61	4305.17	4117.63	3834.02	3815.31	3815.3	
1797.87	1575.5	1478.56	1345.16	1032.46	798.096	780.007	620.388	456.948	82.8377	92.4491	83.9075	
1713.59	1501.65	1409.25	1282.11	984.064	760.685	743.444	591.308	435.528	78.9547	88.1156	79.9744	
5515.45	5294.14	5202.53	5063.65	4749.72	4507.2	4489.22	4338.58	4152.72	3780.02	3796.68	3802.58	
5250.1	5039.15	4951.84	4819.44	4520.19	4289.03	4271.9	4128.34	3951.16	3596.08	3611.87	3617.51	
1813.58	1588.91	1493.21	1358.42	1036.99	801.775	784.247	626.894	454.963	116.322	100.414	94.4138	
1728.57	1514.43	1423.22	1294.75	988.382	764.192	747.486	597.509	433.636	110.869	95.7071	89.9881	
1767.33	1545.58	1449.1	1314.61	1003.31	768.983	750.83	592.959	431.316	49.7135	74.0979	74.7478	
1684.49	1473.14	1381.17	1252.99	956.282	732.936	715.635	565.164	411.098	47.3831	70.6246	71.244	
4640.32	4409.4	4319.79	4171.75	3846.21	3592.65	3577.93	3432.85	3226.3	3024.93	2995.17	2997.29	
4425.81	4205.68	4120.25	3979.04	3668.95	3427.15	3413.14	3274.88	3077.91	2885.5	2857.05	2859.04	
3265.04	3039.31	2947.19	2809.1	2491.94	2244.48	2227.37	2071.28	1877.03	1593.72	1577.77	1572.12	
3120.87	2905.69	2817.86	2686.35	2384.41	2148.35	2132.03	1982.94	1797.87	1531.15	1515.6	1509.81	
1815.11	1592.74	1497.16	1361.62	1050.79	812.882	794.945	637.096	466.861	68.5166	83.5518	77.0527	
1730.03	1518.08	1426.98	1297.8	1001.54	774.778	757.683	607.232	444.977	65.3049	79.6352	73.4409	
1751.61	1529.02	1434.88	1299.01	988.742	747.612	729.557	571.551	396.75	49.2102	44.7339	40.3211	
1676.39	1464.23	1374.5	1244.96	949.202	719.383	702.181	551.635	385.033	54.0751	49.8244	45.6719	
1746.82	1522.44	1429.13	1292.86	970.685	732.225	714.531	559.815	381.241	76.9032	49.2723	58.6159	
1664.93	1451.07	1362.14	1232.25	925.184	697.902	681.038	533.573	363.371	73.2983	46.9627	55.8683	
2510.4	2287.71	2195.62	2058.99	1736.69	1497.94	1479.94	1328.28	1146.26	815.313	812.115	822.109	
2516.41	2304.51	2216.86	2086.88	1779.4	1552.22	1534.96	1390.72	1217.6	902.69	901.733	911.415	
1807.22	1584.54	1490.62	1356.63	1039.23	800.433	782.226	624.617	446.561	94.5015	89.3196	84.8257	
1722.51	1510.26	1420.75	1293.04	990.512	762.913	745.559	595.338	425.629	90.0718	85.1327	80.8495	
1819.31	1596.14	1500.67	1364.37	1054.97	814.803	797.103	638.486	465.301	85.906	87.4266	74.7499	
1734.03	1521.32	1430.32	1300.42	1005.52	776.608	759.739	608.557	443.49	81.8792	83.3285	71.246	
1795.81	1572.04	1476.94	1340.64	1023.12	786.422	768.817	612.977	440.64	65.1188	59.5234	60.0623	
1711.63	1498.35	1407.71	1277.8	975.164	749.558	732.778	584.243	419.985	62.0664	56.7333	57.2469	
5211.69	4987.71	4897.0	4756.19	4443.62	4193.92	4176.66	4024.21	3825.11	3488.01	3483.85	3482.26	
4971.78	4758.32	4671.9	4537.67	4239.85	4001.78	3985.32	3840.03	3650.16	3329.35	3325.45	3323.98	
1792.21	1567.84	1473.45	1336.85	1022.41	781.125	763.603	605.828	426.794	82.6071	58.9695	44.7768	
1708.2	1494.35	1404.38	1274.18	974.487	744.51	727.809	577.43	406.788	78.7349	56.2052	42.6779	
2115.39	1887.55	1795.58	1658.0	1334.77	1087.24	1070.55	914.196	721.12	494.877	472.788	465.925	
2031.26	1813.8	1726.22	1594.94	1286.39	1050.03	1034.21	885.249	700.295	492.165	470.126	463.454	
5700.06	5482.25	5397.33	5255.26	4923.6	4689.53	4670.54	4541.11	4377.07	4233.52	4244.51	4263.46	
5454.43	5246.82	5165.88	5030.45	4714.35	4491.22	4473.13	4349.79	4193.44	4056.82	4067.26	4085.31	
1775.83	1552.5	1458.38	1322.64	1006.54	767.289	749.414	592.689	415.977	51.83	36.7848	34.4147	
1692.59	1479.73	1390.02	1260.64	959.358	731.322	714.285	564.907	396.478	49.4004	35.0605	32.8015	
1777.9	1554.68	1459.84	1324.0	1008.52	770.842	753.022	596.389	423.732	42.8287	38.8656	38.3668	
1694.56	1481.81	1391.41	1261.94	961.242	734.71	717.724	568.433	403.87	40.8211	37.0437	36.5683	
1788.16	1565.77	1470.89	1335.61	1022.12	784.361	766.316	609.221	437.299	40.4379	54.0536	52.4099	
1704.34	1492.37	1401.94	1273.01	974.21	747.595	730.395	580.664	416.801	38.5424	51.5199	49.9532	
1759.57	1536.25	1442.11	1305.9	991.955	751.863	734.017	577.011	401.058	42.8046	22.8599	19.4021	
1677.09	1464.24	1374.51	1244.69	945.457	716.619	699.609	549.964	382.259	40.7981	21.7884	18.4927	
1777.52	1554.18	1460.19	1323.35	1007.34	768.391	750.633	595.425	419.936	45.9962	36.2304	46.2143	
1697.52	1484.6	1394.96	1264.49	963.47	735.636	718.732	570.671	403.291	46.007	36.6012	46.0045	
3996.28	3762.15	3668.7	3514.42	3210.62	2951.49	2938.51	2788.91	2605.61	2469.8	2443.98	2440.59	
3852.14	3628.62	3539.65	3391.96	3102.17	2854.77	2842.54	2700.44	2525.15	2398.32	2373.27	2370.26	
1897.68	1673.83	1580.35	1443.41	1127.79	886.361	868.685	712.614	532.026	183.605	156.942	154.937	
1823.51	1610.15	1521.04	1390.5	1089.71	859.599	842.756	693.999	521.915	189.43	164.011	162.089	
1774.67	1551.18	1456.19	1320.67	1005.44	767.321	749.524	591.972	418.948	54.3727	41.3723	33.5502	
1691.48	1478.47	1387.93	1258.76	958.31	731.353	714.39	564.223	399.31	51.8239	39.4329	31.9776	
1796.35	1573.15	1478.44	1342.47	1028.23	789.336	771.531	614.498	439.75	55.3856	52.572	46.6381	
1711.95	1499.22	1408.96	1279.37	979.835	752.143	735.171	585.507	418.936	52.5471	49.8831	44.2891	
1785.51	1562.55	1467.66	1331.77	1019.86	780.402	762.537	604.744	431.17	50.3413	50.1027	40.8689	
1701.81	1489.3	1398.86	1269.34	972.052	743.82	726.793	576.397	410.959	47.9815	47.7541	38.9531	
1788.2	1564.98	1470.49	1334.26	1019.74	780.697	762.902	606.322	431.166	46.1229	42.1906	39.1713	
1704.37	1491.62	1401.56	1271.71	971.94	744.102	727.141	577.901	410.956	43.9609	40.2129	37.3352	
3101.91	2876.98	2787.88	2669.75	2261.02	2075.86	2055.34	1924.96	1827.78	1879.05	1868.28	1878.05	
2939.62	2725.2	2640.29	2527.57	2138.3	1961.51	1941.97	1817.66	1724.52	1772.54	1762.17	1771.46	
4189.01	3966.32	3869.67	3733.51	3408.81	3182.08	3164.51	3013.95	2855.44	2510.77	2524.35	2531.28	
3991.58	3779.33	3687.21	3557.44	3247.95	3031.85	3015.1	2871.6	2720.52	2392.01	2404.96	2411.56	
1821.21	1597.38	1504.16	1368.07	1050.63	809.684	791.853	635.547	455.168	139.259	108.934	107.588	
1726.86	1513.41	1424.49	1294.77	992.097	762.452	745.487	596.412	424.503	124.235	94.2037	92.739	
1783.03	1559.84	1465.37	1329.8	1014.33	775.644	757.756	600.749	425.67	53.7362	45.0965	40.6479	
1699.35	1486.57	1396.46	1267.21	966.476	739.07	722.043	572.386	405.656	49.6149	41.2483	36.9245	
1809.77	1587.41	1492.82	1357.37	1043.33	805.145	787.113	630.464	456.422	56.5799	69.6914	68.1862	
1725.0	1513.06	1422.91	1293.81	994.469	767.444	750.258	600.956	435.046	54.0798	66.48	65.0341	
1774.69	1551.34	1458.04	1321.42	1005.8	764.757	746.916	591.18	411.035	66.5049	55.3502	58.6485	
1694.93	1482.18	1393.05	1262.99	962.471	733.121	716.093	567.496	396.79	62.7319	54.8816	57.4502	
2721.11	2491.98	2391.9	2252.66	1950.08	1706.86	1691.19	1526.19	1361.02	1088.78	1067.04	1046.62	
2593.8	2375.41	2280.02	2147.31	1858.91	1627.09	1612.15	1454.89	1297.46	1037.98	1017.25	997.797	
2682.67	2463.8	2370.92	2232.51	1924.27	1685.97	1667.54	1517.66	1347.56	994.96	1023.93	1033.08	
2545.98	2337.36	2248.84	2116.92	1823.13	1595.98	1578.42	1435.57	1273.43	937.541	965.14	973.869	
2784.14	2553.78	2441.44	2312.46	2016.56	1792.85	1776.93	1600.33	1495.2	1340.65	1325.89	1311.39	
2655.05	2435.49	2328.42	2205.49	1923.47	1710.24	1695.07	1526.74	1426.54	1279.21	1265.14	1251.32	
1726.82	1504.6	1411.64	1276.27	961.745	721.418	703.087	546.803	370.338	58.3573	57.453	65.7852	
1647.5	1435.73	1347.08	1218.09	918.348	689.376	671.902	522.927	354.913	56.3977	56.0152	63.8219	
1770.94	1547.27	1454.0	1316.34	1000.79	759.752	742.096	587.396	408.542	78.9758	73.547	81.8141	
1694.28	1481.01	1392.08	1260.82	959.989	730.178	713.384	565.939	395.378	84.6845	80.0214	87.0822	
2413.51	2184.45	2089.87	1950.02	1625.55	1382.92	1367.05	1211.79	1024.53	743.071	716.522	708.074	
2303.71	2085.33	1995.2	1861.86	1552.51	1321.18	1306.07	1158.1	979.42	711.947	686.037	677.893	
3485.86	3257.03	3157.51	3020.45	2716.93	2472.87	2456.81	2290.0	2123.64	1881.28	1858.31	1838.32	
3323.43	3105.32	3010.47	2879.83	2590.54	2357.92	2342.61	2183.62	2025.06	1794.07	1772.17	1753.12	
3218.49	2990.13	2895.7	2752.21	2434.02	2190.06	2174.45	2022.37	1837.05	1525.62	1506.93	1502.71	
3066.53	2848.87	2758.87	2622.1	2318.83	2086.3	2071.42	1926.48	1749.84	1453.01	1435.19	1431.17	
1770.62	1547.66	1453.38	1317.21	1004.11	764.273	746.375	589.46	414.237	35.9145	30.8548	28.2953	
1687.62	1475.11	1385.26	1255.47	957.038	728.447	711.388	561.829	394.82	34.231	29.4085	26.969	
1766.73	1543.06	1448.98	1312.45	996.875	757.104	739.379	583.026	406.257	45.9441	20.4087	20.4346	
1683.92	1470.73	1381.06	1250.92	950.146	721.615	704.721	555.697	387.213	43.7904	19.452	19.4768	
1736.42	1512.97	1418.46	1283.24	970.426	730.262	712.304	553.435	380.265	80.001	64.1346	59.7754	
1652.52	1439.54	1349.45	1220.54	922.455	693.566	676.454	525.039	360.072	73.0888	58.0191	53.8765	
1798.23	1574.89	1480.51	1344.15	1028.29	789.529	771.782	615.773	439.789	54.7335	50.7386	50.0337	
1713.95	1501.08	1411.13	1281.15	980.11	752.538	735.622	586.924	419.189	52.153	48.3725	47.6945	
2746.97	2511.85	2415.42	2268.44	1944.53	1698.66	1685.33	1531.91	1352.15	1169.82	1132.08	1123.92	
2620.78	2396.68	2304.77	2164.68	1855.95	1621.61	1608.9	1462.67	1291.34	1117.56	1081.59	1073.81	
1778.6	1555.59	1461.36	1325.37	1010.55	771.44	753.54	597.045	421.524	39.0295	34.762	34.8464	
1695.23	1482.67	1392.85	1263.25	963.177	735.281	718.22	569.06	401.771	37.1948	33.1385	33.2165	
1783.73	1560.63	1466.19	1330.13	1015.33	776.486	758.639	602.114	427.152	42.209	39.0031	37.6986	
1700.12	1487.47	1397.46	1267.78	967.741	740.089	723.077	573.89	407.129	40.2305	37.1748	35.9314	
1781.49	1558.41	1464.05	1328.14	1013.34	774.302	756.423	599.723	424.373	43.2797	38.0195	35.7803	
1698.19	1485.57	1395.63	1266.09	966.044	738.215	721.174	571.822	404.69	41.4029	36.4345	34.2994	
1776.82	1553.76	1459.28	1323.4	1008.42	769.859	751.977	595.378	421.069	38.7754	34.7496	34.6148	
1693.48	1480.88	1390.83	1261.32	961.098	733.723	716.679	567.421	401.282	36.9273	33.0738	32.9463	
1779.05	1556.19	1461.64	1325.91	1011.57	773.061	755.128	598.325	424.519	37.5154	39.0145	37.8942	
1695.66	1483.25	1393.12	1263.75	964.151	736.825	719.731	570.279	404.62	35.7569	37.1857	36.1179	
1791.86	1568.89	1474.19	1338.33	1023.86	785.473	767.617	610.956	437.302	59.9618	66.8383	65.2518	
1707.96	1495.59	1405.25	1275.88	976.401	749.431	732.372	582.985	418.089	54.4381	62.6315	61.2156	
1824.84	1602.8	1507.7	1372.54	1058.89	822.016	803.941	647.275	476.185	81.0804	96.8125	96.3289	
1736.41	1524.71	1434.13	1305.25	1006.21	780.279	763.064	613.76	450.35	74.965	88.7205	88.3059	
1768.32	1544.19	1451.18	1313.83	996.478	754.897	737.277	582.239	400.305	78.4009	60.8497	65.889	
1682.85	1469.15	1380.59	1249.6	946.986	716.522	699.744	552.026	378.158	73.5899	54.9324	60.1007	
1949.42	1729.1	1628.36	1493.5	1203.3	967.93	949.894	787.052	643.713	332.76	349.581	342.92	
1843.73	1633.7	1537.69	1409.12	1132.65	908.215	891.031	735.794	599.167	305.014	320.158	313.878	
1736.48	1512.76	1420.76	1283.71	967.689	724.23	706.32	551.026	367.753	100.51	92.9108	98.1083	
1659.11	1445.98	1358.07	1227.56	926.529	694.935	677.859	529.748	355.95	91.5992	86.5624	91.2342	
1655.08	1429.71	1341.35	1202.29	884.917	634.096	616.193	462.664	268.92	168.639	153.433	159.689	
1581.66	1367.01	1282.53	1150.15	847.867	609.334	592.256	445.798	262.076	154.593	140.217	146.271	
1678.44	1447.64	1361.46	1222.06	880.547	630.474	613.76	466.462	271.146	274.129	252.723	258.128	
1590.67	1369.85	1288.36	1155.3	826.304	587.558	571.763	432.406	245.361	277.659	255.661	261.143	
1662.57	1431.97	1344.56	1202.8	878.157	623.844	607.142	454.611	270.733	258.271	236.102	238.701	
1578.56	1359.11	1275.5	1140.59	831.667	589.877	573.934	428.465	253.977	228.099	205.976	208.546	
1954.31	1731.69	1630.27	1492.67	1208.77	968.788	951.507	786.689	642.919	362.958	371.134	360.209	
1858.28	1646.05	1549.57	1418.4	1147.31	918.36	901.886	744.865	606.814	338.198	345.731	335.109	
1724.8	1499.78	1407.68	1269.99	953.423	709.838	692.155	536.559	360.431	138.342	128.587	130.267	
1636.08	1421.48	1333.5	1202.34	900.74	669.014	652.153	503.366	337.6	130.891	120.531	122.161	
1661.62	1435.24	1345.59	1206.11	888.84	641.974	624.158	470.768	307.686	173.61	166.817	170.186	
1578.73	1362.77	1277.62	1144.5	841.821	605.8	588.844	442.806	286.475	167.988	160.275	163.655	
1708.21	1483.74	1392.23	1255.02	938.909	695.695	677.625	522.273	352.812	138.542	134.228	136.583	
1639.28	1425.4	1337.97	1207.25	905.978	674.358	657.169	508.973	346.869	129.999	125.86	127.836	
1647.2	1416.53	1327.53	1186.75	853.631	610.941	594.227	446.992	306.005	234.94	225.465	229.446	
1570.83	1351.8	1266.2	1132.56	817.798	586.858	570.804	428.726	290.605	209.277	200.228	204.305	
1790.66	1550.2	1491.58	1338.73	974.107	663.795	648.647	555.444	372.606	676.843	656.987	664.115	
1720.06	1489.84	1435.79	1289.12	938.578	638.959	624.781	539.773	365.05	682.554	662.574	669.544	
1621.9	1389.79	1300.95	1159.33	828.641	582.397	565.968	416.971	279.375	234.729	217.905	220.533	
1524.31	1301.33	1217.42	1081.19	763.356	527.623	512.394	371.726	249.495	243.261	225.861	229.169	
1663.16	1434.85	1344.66	1204.72	882.73	639.404	621.936	470.43	328.82	200.578	191.552	194.692	
1575.58	1358.41	1271.96	1138.91	833.666	602.099	585.403	439.685	301.377	191.002	182.574	185.807	
1664.51	1435.9	1346.22	1206.25	882.486	638.094	620.675	469.408	322.53	201.366	187.537	190.27	
1582.45	1365.25	1279.25	1146.38	839.829	607.154	590.471	444.965	300.915	183.845	172.588	175.53	
1659.68	1431.5	1343.63	1204.14	877.229	629.586	611.95	460.364	289.748	219.199	202.863	207.847	
1580.46	1362.99	1278.75	1145.91	834.179	599.163	582.416	437.801	275.163	207.479	190.646	195.699	
1717.71	1490.93	1401.9	1262.71	939.34	691.604	674.074	521.972	338.441	203.987	186.287	190.436	
1641.95	1426.03	1340.55	1208.32	900.737	666.214	649.428	503.983	335.543	178.49	165.128	168.258	
1559.55	1325.48	1241.56	1093.97	772.735	513.694	497.255	353.665	239.222	283.301	271.599	275.435	
1478.24	1254.25	1174.99	1033.37	726.578	478.137	462.617	325.868	219.385	279.35	267.539	271.945	
1730.96	1504.2	1414.82	1274.59	953.932	705.35	688.008	536.38	353.836	189.457	174.241	177.238	
1639.06	1423.0	1337.83	1204.28	898.636	661.957	645.384	500.505	325.74	178.264	163.25	166.426	
1654.92	1426.75	1337.95	1196.8	874.612	626.616	609.323	458.479	292.647	191.073	175.947	181.0	
1580.63	1363.3	1278.92	1144.28	836.72	600.12	583.614	440.203	279.969	187.84	173.671	178.942	
1622.93	1392.53	1305.68	1164.61	838.307	590.063	572.406	421.7	283.822	252.771	240.325	244.598	
1569.69	1350.69	1267.28	1133.18	822.947	586.242	569.516	424.959	282.557	247.971	233.922	238.151	
1759.56	1534.24	1443.01	1304.3	986.108	740.911	723.395	569.486	386.593	155.532	142.378	144.481	
1682.3	1467.5	1380.82	1248.38	944.713	710.113	693.49	547.127	368.082	151.75	137.288	139.858	
1695.75	1469.51	1382.14	1242.01	920.702	670.984	653.065	502.571	324.829	208.945	196.26	201.927	
1614.46	1399.05	1316.01	1182.59	876.308	637.812	620.68	477.456	304.151	200.162	189.095	194.314	
1610.33	1380.48	1292.78	1151.27	827.514	580.301	562.769	412.029	272.828	242.906	230.849	235.23	
1537.65	1317.94	1235.19	1099.86	789.441	552.147	535.534	393.593	262.787	231.172	218.306	222.494	
1605.82	1375.53	1289.49	1147.28	822.208	572.806	555.062	406.887	274.633	247.443	235.614	241.107	
1554.56	1336.58	1253.32	1118.84	810.935	574.755	557.806	414.698	275.229	216.272	207.886	212.582	
1594.09	1363.46	1277.42	1134.99	809.97	561.131	543.426	394.396	263.518	257.944	246.194	251.495	
1526.48	1306.8	1224.54	1088.85	779.492	542.03	525.25	383.335	256.529	236.031	225.085	230.329	
1587.84	1356.18	1269.88	1127.09	801.367	553.811	536.269	387.831	269.924	268.189	257.694	262.438	
1521.08	1301.46	1218.42	1082.88	774.9	539.196	522.417	379.425	257.614	240.819	231.499	236.104	
1607.14	1377.17	1290.66	1148.56	822.446	574.753	557.146	409.067	270.473	247.396	236.772	242.275	
1554.75	1336.54	1253.66	1118.76	809.618	572.94	556.102	414.314	271.962	225.437	215.904	221.052	
1628.11	1399.63	1310.55	1170.14	849.397	604.308	586.63	434.059	290.794	220.55	210.45	215.007	
1555.49	1337.28	1253.1	1118.61	812.573	577.076	560.314	416.227	278.9	216.757	206.052	209.887	
1586.16	1353.86	1268.54	1124.94	797.697	547.348	530.083	383.212	259.955	271.281	259.515	264.559	
1526.2	1305.76	1223.84	1087.38	778.208	539.711	523.142	381.764	260.447	243.624	233.049	238.17	
1570.74	1337.78	1252.93	1108.12	781.218	529.708	512.545	366.112	247.233	280.216	267.416	272.936	
1516.47	1294.4	1213.28	1075.69	762.055	524.171	507.86	369.783	259.189	263.326	252.132	257.11	
1604.46	1373.49	1286.48	1143.92	818.629	571.143	553.786	404.651	276.252	255.329	244.344	249.423	
1530.22	1310.63	1227.17	1091.79	782.148	547.02	530.418	387.52	258.91	238.572	226.852	231.67	
1589.22	1358.51	1272.23	1129.69	803.919	555.592	538.03	389.342	257.213	253.193	240.739	246.823	
1521.74	1301.49	1219.37	1083.27	771.91	534.882	518.301	377.725	252.412	250.77	239.332	244.253	
1604.85	1373.09	1287.0	1143.29	817.209	567.711	550.534	403.949	278.409	260.218	247.463	252.83	
1514.76	1294.85	1212.52	1076.49	766.492	530.171	513.425	371.99	248.94	249.722	238.914	244.575	
1583.73	1350.6	1265.04	1120.48	794.499	544.317	527.282	381.245	267.595	270.208	257.923	263.195	
1522.85	1301.64	1219.32	1082.29	773.738	535.945	519.541	377.937	265.082	259.81	249.463	253.865	
1592.4	1360.69	1275.2	1131.87	804.149	555.418	537.96	391.622	267.703	274.925	262.558	267.908	
1488.72	1265.86	1185.62	1047.52	734.553	495.923	479.377	341.018	244.393	281.964	271.251	276.49	
1597.51	1365.89	1280.32	1137.16	809.685	560.821	543.387	396.867	272.612	266.219	255.503	260.548	
1529.47	1309.54	1227.27	1091.31	781.153	544.656	527.976	386.865	259.708	241.734	230.935	235.936	
1612.36	1382.62	1295.46	1153.12	833.147	584.165	566.601	416.172	280.584	238.801	228.831	233.72	
1531.84	1312.75	1229.98	1093.95	789.912	551.182	534.437	390.429	256.475	238.247	225.395	230.185	
1589.45	1357.35	1270.86	1126.93	801.839	555.232	537.977	391.058	277.257	276.543	265.613	271.109	
1539.24	1319.55	1235.84	1100.25	790.823	557.351	540.79	399.48	278.452	237.492	227.147	231.767	
1557.12	1323.71	1237.8	1093.57	770.974	521.091	503.823	354.149	248.809	283.252	270.158	275.244	
1520.43	1298.95	1216.95	1079.87	769.75	532.998	516.578	376.472	267.9	258.446	249.042	253.688	
1616.22	1385.41	1297.09	1155.98	830.28	587.357	569.769	418.957	296.622	257.894	247.437	252.019	
1494.7	1272.24	1190.14	1053.89	739.789	507.225	490.558	350.148	256.563	274.706	264.072	268.928	
1583.18	1350.74	1263.23	1119.65	798.174	551.654	534.417	384.238	277.553	269.657	257.674	261.657	
1499.15	1276.64	1193.91	1055.86	748.01	513.081	496.809	355.76	259.508	267.354	257.027	261.389	
1597.18	1364.29	1278.03	1133.24	809.707	561.354	544.354	397.632	285.352	275.8	264.239	269.465	
1507.14	1284.58	1202.19	1063.69	756.283	519.987	503.859	363.276	260.404	264.45	253.858	258.807	
1585.24	1353.61	1266.37	1124.52	800.381	555.35	537.682	387.425	277.765	267.562	257.985	262.667	
1516.43	1295.17	1212.32	1076.26	767.456	533.208	516.575	374.501	271.734	257.634	248.168	252.732	
1572.73	1336.75	1252.38	1104.5	776.062	525.493	509.11	367.389	274.237	305.495	293.18	298.386	
1515.39	1292.03	1210.44	1070.41	761.897	522.934	507.21	369.39	269.426	271.711	260.923	265.781	
1567.88	1333.69	1246.33	1101.12	778.424	534.278	517.322	369.822	274.831	285.566	273.808	278.964	
1500.09	1277.4	1193.32	1055.49	750.037	518.687	502.44	360.84	271.965	261.631	252.874	257.497	
1590.95	1357.99	1270.76	1125.08	804.622	555.458	538.835	390.903	274.611	259.79	248.209	253.208	
1542.67	1322.02	1239.68	1102.01	794.914	554.761	538.776	398.996	270.762	240.213	228.732	233.481	
1591.29	1358.35	1270.56	1126.63	803.923	557.906	541.079	392.739	282.457	268.645	257.366	261.855	
1529.27	1307.47	1223.5	1086.36	781.203	545.787	529.665	386.953	279.6	253.76	242.321	246.235	
1584.31	1352.38	1265.22	1121.97	802.241	556.603	539.02	390.021	281.598	270.013	260.044	265.403	
1489.68	1267.32	1184.6	1047.39	740.138	508.203	491.508	350.606	261.271	273.94	264.795	270.552	
1557.51	1321.56	1236.62	1087.87	764.85	514.88	498.705	358.319	271.46	305.34	295.036	300.099	
1504.67	1282.87	1199.89	1060.76	757.994	521.158	505.021	363.847	259.107	266.211	254.937	259.686	
1565.67	1329.61	1245.05	1097.62	773.027	524.598	507.88	365.795	278.507	306.082	295.184	300.453	
1506.58	1283.82	1202.13	1063.6	755.212	517.978	501.812	363.86	262.843	268.978	258.794	263.977	
1593.74	1360.81	1272.91	1129.23	808.428	562.845	545.815	396.681	288.71	263.709	252.108	255.958	
1512.55	1290.48	1207.35	1070.8	764.315	529.428	512.954	369.745	269.065	267.163	256.483	260.633	
1555.08	1318.49	1235.76	1089.45	757.926	508.328	491.36	352.223	271.986	323.505	311.602	317.337	
1488.9	1263.11	1184.29	1044.1	731.981	492.753	476.515	343.011	266.388	299.363	287.957	293.292	
1560.64	1325.46	1239.34	1093.19	772.912	525.847	508.899	362.771	275.886	292.712	281.798	286.816	
1495.97	1272.03	1189.81	1051.7	743.777	510.123	493.823	354.814	271.77	281.726	272.122	276.663	
1570.51	1336.55	1249.73	1105.09	785.757	539.612	522.361	374.103	276.524	290.93	279.485	284.415	
1474.56	1250.05	1168.53	1029.44	724.322	488.586	472.216	332.588	252.638	293.049	282.276	287.405	
1572.7	1338.74	1251.76	1107.54	786.977	542.221	524.87	376.355	284.396	289.509	278.504	283.191	
1492.51	1269.98	1186.88	1049.7	743.488	509.24	492.823	350.6	254.67	276.855	265.549	270.242	
1567.03	1332.49	1245.65	1100.56	780.684	534.654	517.607	370.652	279.982	295.16	284.962	289.711	
1484.77	1261.24	1179.24	1041.17	734.432	500.392	483.958	343.962	257.505	291.481	281.188	286.455	
1564.86	1330.03	1243.89	1098.5	776.883	530.539	513.46	367.12	277.277	296.385	285.736	290.755	
1512.52	1289.37	1205.65	1068.22	763.342	531.325	514.999	373.669	284.858	271.747	262.178	266.538	
1539.28	1301.39	1216.62	1068.18	747.471	499.338	482.865	341.196	271.422	323.891	311.835	317.384	
1489.79	1265.5	1183.24	1044.97	738.239	505.404	489.013	349.691	265.665	294.198	282.68	287.426	
1585.58	1351.68	1264.98	1119.65	800.036	552.383	535.426	387.86	289.68	292.145	282.143	287.04	
1476.24	1251.74	1169.46	1030.02	727.639	492.714	476.492	336.386	260.015	286.685	277.373	282.402	
1571.68	1337.18	1249.64	1104.3	786.686	541.811	524.869	377.435	287.351	291.943	281.305	285.891	
1487.41	1262.97	1180.19	1041.36	735.154	502.765	486.605	347.03	267.292	286.944	276.009	280.94	
1583.0	1348.5	1261.3	1115.82	798.234	552.861	535.827	388.572	297.773	289.394	278.525	283.239	
1472.64	1248.33	1165.01	1025.9	723.786	491.904	475.685	335.336	259.326	297.417	286.418	291.279	
1554.08	1318.18	1231.83	1085.34	764.549	519.251	502.465	358.401	276.475	302.101	292.005	297.208	
1485.65	1260.94	1179.57	1040.64	731.459	495.917	479.836	342.53	263.005	296.212	285.118	289.843	
1565.25	1330.85	1243.77	1099.17	781.794	537.013	519.609	370.091	279.643	301.84	289.509	294.517	
1491.06	1266.96	1185.35	1046.69	739.189	502.564	486.383	347.846	259.579	289.078	278.832	283.352	
1566.72	1331.02	1243.49	1097.76	780.93	537.63	520.655	373.436	294.857	308.334	298.21	302.834	
1487.0	1262.7	1179.35	1041.18	737.384	506.016	489.633	348.825	272.124	282.891	272.209	277.289	
1561.87	1326.21	1240.13	1094.49	772.856	527.074	510.03	364.19	280.737	305.777	294.766	299.78	
1479.64	1254.68	1172.0	1033.55	727.654	495.157	478.979	340.099	266.07	290.926	280.493	285.894	
1575.32	1340.75	1253.98	1108.61	789.047	543.314	526.295	379.617	289.613	290.186	279.817	284.755	
1502.69	1280.97	1197.3	1060.46	758.073	525.791	509.006	366.216	269.72	269.433	259.295	263.944	
1554.18	1318.35	1231.79	1085.34	765.657	520.196	503.253	356.34	271.587	307.125	296.157	301.056	
1510.63	1287.56	1204.49	1066.47	759.562	525.973	509.843	370.208	275.589	268.933	258.387	263.176	
1562.55	1327.11	1240.16	1094.64	776.233	530.878	513.876	365.909	280.024	298.947	287.645	292.61	
1510.9	1287.38	1204.26	1065.83	762.009	527.957	511.73	371.298	280.798	279.74	268.859	273.262	
1558.16	1322.84	1236.22	1090.49	769.561	525.044	508.036	360.876	277.717	304.019	293.356	298.389	
1503.71	1281.05	1198.32	1060.67	755.147	520.862	504.464	364.842	271.269	268.703	258.753	263.6	
1566.2	1331.37	1245.0	1100.59	778.229	532.447	515.171	367.183	281.028	305.718	294.65	299.7	
1486.35	1262.33	1179.18	1041.32	737.495	505.769	489.263	347.709	267.775	293.76	283.861	288.62	
1561.41	1325.57	1239.35	1094.18	771.192	527.123	510.139	364.565	283.045	299.019	288.174	293.532	
1480.98	1255.97	1174.67	1035.28	729.968	494.096	477.761	339.069	265.376	304.529	293.231	297.953	
1553.61	1318.71	1231.94	1087.08	766.212	520.846	503.698	355.6	266.408	300.596	288.631	294.021	
1510.63	1287.59	1204.9	1067.22	759.178	525.317	509.026	368.781	272.268	278.837	267.151	271.327	
1559.83	1324.59	1238.59	1093.37	771.855	525.795	508.715	363.265	277.943	308.946	297.918	302.483	
1478.42	1254.28	1171.77	1033.73	727.212	494.397	477.913	337.187	256.412	295.162	283.661	288.653	
1554.6	1318.3	1232.47	1085.28	768.241	521.176	504.239	358.921	280.554	312.168	300.671	306.106	
1484.77	1260.78	1178.54	1040.12	734.95	500.902	484.637	346.689	262.739	280.167	269.623	274.297	
1582.72	1349.41	1261.87	1118.29	798.66	553.637	536.343	386.836	288.704	284.581	274.698	279.361	
1483.54	1259.39	1176.85	1039.15	733.672	501.066	484.508	343.347	267.795	287.816	277.487	281.875	
1565.77	1330.42	1244.68	1098.57	776.736	529.719	512.786	368.571	281.194	297.554	286.188	291.352	
1478.33	1253.13	1170.85	1031.09	726.939	492.116	476.16	337.891	256.436	293.657	282.11	287.107	
1567.58	1332.38	1245.4	1100.12	781.033	536.367	519.448	373.767	285.786	300.724	289.196	293.904	
1494.23	1270.71	1187.48	1049.44	747.289	514.578	498.115	357.686	273.298	280.006	270.258	274.612	
1583.35	1349.47	1262.99	1118.87	797.85	552.194	534.76	386.404	287.308	292.839	281.539	286.633	
1484.12	1259.59	1176.96	1039.45	733.106	502.011	485.446	345.907	270.44	290.328	280.165	284.739	
1575.48	1341.3	1254.51	1110.15	789.668	544.541	527.266	379.951	290.047	290.1	279.89	284.938	
1483.72	1259.71	1177.89	1039.53	732.223	498.953	482.525	344.823	260.491	285.258	274.329	279.367	
1587.31	1353.67	1266.07	1122.18	802.659	559.178	541.836	393.515	296.704	280.986	271.071	275.604	
1478.09	1253.53	1170.83	1032.77	726.487	494.974	478.611	340.274	264.533	284.451	273.839	278.772	
1556.18	1320.51	1234.12	1088.52	769.608	524.903	507.726	361.538	280.919	314.259	303.549	308.645	
1485.57	1261.45	1178.84	1040.75	736.268	503.15	486.766	346.571	264.465	283.844	273.21	277.821	
1536.34	1300.33	1213.41	1067.02	750.901	505.609	488.504	340.592	270.384	310.946	300.096	304.909	
1487.05	1262.74	1179.61	1041.06	738.208	506.204	489.782	349.196	272.534	289.17	278.316	283.02	
1547.78	1311.28	1224.84	1078.48	758.152	514.965	497.976	352.829	277.073	318.836	307.808	312.938	
1500.45	1277.54	1193.49	1056.01	753.202	521.678	505.414	364.633	273.757	270.756	259.844	264.79	
1544.4	1307.33	1221.76	1074.64	754.393	509.304	492.426	348.97	279.96	319.34	308.417	313.496	
1473.15	1247.57	1165.63	1025.87	722.385	489.003	472.739	333.669	264.912	302.846	292.061	297.064	
1566.53	1330.9	1243.89	1098.59	779.766	536.43	519.324	373.294	290.336	311.523	300.911	305.802	
1476.53	1251.32	1169.74	1030.36	724.517	490.675	474.401	337.202	267.397	300.292	290.31	294.78	
1558.92	1323.28	1236.72	1091.35	772.108	527.64	510.539	365.185	282.857	304.666	293.852	298.94	
1478.29	1253.41	1171.29	1032.0	726.26	492.221	476.031	337.104	262.095	303.88	292.679	297.42	
1549.44	1313.57	1226.7	1081.7	761.904	519.048	501.776	354.672	278.839	316.078	304.93	310.019	
1492.17	1268.35	1185.1	1046.96	744.329	511.533	495.091	353.724	270.637	283.335	273.237	277.779	
1559.52	1323.6	1237.69	1091.93	770.001	525.15	508.116	363.827	280.347	302.646	290.9	296.104	
1496.29	1272.56	1189.82	1051.56	747.241	513.402	497.048	356.331	270.363	283.722	272.496	277.485	
1557.92	1323.04	1236.28	1091.46	771.041	526.657	509.477	362.163	275.845	309.697	298.289	303.626	
1481.79	1255.93	1174.75	1034.8	729.418	495.445	479.239	343.274	273.862	303.988	291.805	296.803	
1570.85	1335.49	1248.32	1103.08	784.951	541.008	523.844	376.514	294.257	300.491	288.911	293.774	
1497.28	1273.95	1191.37	1053.51	748.545	514.778	498.293	358.457	267.471	279.51	270.49	274.982	
1565.84	1330.73	1243.83	1098.23	779.986	536.372	519.232	374.069	285.948	295.218	285.085	289.991	
1463.6	1237.88	1156.71	1016.38	711.55	476.017	459.84	322.632	256.996	304.111	292.495	297.634	
1557.5	1321.82	1235.13	1089.84	770.293	526.794	509.656	363.779	286.686	309.824	298.919	304.075	
1471.94	1247.43	1164.87	1025.99	723.84	490.422	474.0	333.849	259.19	303.307	292.697	297.789	
1554.7	1319.67	1233.4	1088.6	766.875	522.635	505.328	359.45	276.511	308.856	298.307	303.483	
1491.76	1268.69	1186.33	1049.0	741.451	507.134	490.66	350.678	261.862	277.867	267.876	272.489	
1567.6	1331.74	1245.73	1099.95	778.414	533.115	516.105	371.237	288.903	306.145	294.958	299.883	
1470.3	1244.5	1162.36	1022.63	721.01	488.085	471.737	333.705	266.102	307.409	296.278	301.027	
1556.41	1319.78	1234.4	1087.61	765.01	519.524	502.634	360.959	282.691	319.462	307.837	312.794	
1490.25	1265.98	1184.55	1045.64	738.09	502.63	486.306	348.541	268.326	296.976	286.388	291.312	
1559.26	1323.06	1237.1	1090.42	770.565	524.621	507.781	363.377	285.496	309.289	299.201	304.034	
1489.77	1266.29	1183.03	1044.94	743.135	510.145	493.629	352.373	268.744	279.792	269.082	273.733	
1556.07	1320.39	1233.19	1087.57	771.224	527.528	510.32	362.809	281.447	304.244	293.419	298.247	
1496.09	1273.12	1190.15	1053.13	746.978	513.684	497.277	356.45	268.436	284.799	274.417	279.009	
1574.86	1340.45	1253.17	1108.72	790.823	547.384	530.006	382.293	290.495	288.895	277.95	282.861	
1494.14	1270.27	1187.98	1049.28	743.96	509.957	493.684	355.433	267.71	286.995	276.143	280.73	
1580.87	1347.7	1260.64	1116.35	796.82	551.219	533.933	386.452	285.579	281.387	271.293	276.207	
1473.1	1247.66	1166.12	1026.01	723.573	489.43	473.069	335.304	264.217	298.68	287.726	293.007	
1562.67	1327.88	1240.59	1095.4	777.371	533.921	516.842	370.39	282.012	296.646	285.155	290.165	
1480.35	1255.28	1172.29	1033.88	730.879	500.235	483.903	344.976	275.019	295.176	285.056	289.796	
1572.17	1337.85	1250.47	1105.74	787.972	544.081	526.917	380.239	290.125	291.352	281.483	286.44	
1491.67	1267.24	1184.31	1045.65	742.883	511.141	494.777	356.44	277.019	283.506	272.94	277.363	
1554.08	1318.54	1231.78	1085.92	768.101	523.08	506.138	361.422	277.628	311.609	300.819	305.744	
1491.33	1267.9	1185.09	1046.91	743.326	509.732	493.311	353.23	267.385	285.942	275.044	280.081	
1571.11	1337.37	1251.12	1106.95	786.825	541.395	523.927	377.628	280.044	294.227	282.802	288.062	
1508.99	1286.58	1203.62	1066.74	763.207	530.223	513.504	372.323	276.87	274.403	263.664	268.35	
1571.93	1336.82	1250.04	1105.04	783.906	540.432	523.443	378.733	286.89	297.692	285.82	290.708	
1484.58	1260.52	1178.38	1039.88	735.324	502.15	485.623	346.381	266.47	291.397	281.092	285.943	
1561.24	1325.81	1238.57	1093.46	775.261	532.967	515.69	368.824	290.745	302.862	291.503	296.238	
1492.59	1269.43	1186.01	1048.36	746.181	512.886	496.398	354.126	268.222	280.723	270.676	275.432	
1581.89	1347.32	1260.5	1116.44	794.403	550.415	533.237	387.391	292.347	293.644	282.369	286.633	
1501.12	1276.68	1193.34	1054.71	751.847	520.282	503.94	363.785	283.993	287.287	276.682	281.458	
1551.68	1316.59	1230.11	1085.3	765.98	521.006	503.698	355.465	272.827	307.665	296.25	301.449	
1482.32	1257.73	1175.18	1035.74	732.929	499.489	483.298	344.208	266.571	290.435	280.014	284.697	
1554.0	1318.81	1231.39	1086.47	769.91	526.639	509.384	362.13	282.216	303.481	293.288	298.433	
1497.13	1274.48	1191.18	1053.36	751.062	518.483	501.982	361.189	270.592	275.084	264.886	269.894	
1582.24	1348.66	1260.47	1117.46	799.369	557.235	539.769	390.989	300.743	281.141	272.804	277.134	
1480.21	1255.24	1173.42	1034.75	725.594	493.496	477.315	340.851	264.371	295.786	284.354	289.281	
1571.8	1336.75	1250.19	1105.24	784.749	539.949	522.868	377.409	285.774	284.515	273.094	278.486	
1485.97	1261.36	1178.18	1039.13	737.169	505.327	489.084	349.687	271.123	291.353	281.043	285.891	
1572.78	1338.48	1251.37	1106.8	786.847	543.802	526.565	379.897	289.065	297.261	285.977	290.751	
1471.54	1245.27	1163.26	1022.96	720.176	487.283	471.081	333.926	271.073	302.948	293.722	298.472	
1561.56	1327.13	1239.66	1095.12	776.487	532.802	515.514	367.642	279.868	291.724	280.034	284.886	
1490.7	1266.81	1183.76	1045.5	743.49	510.904	494.45	354.347	274.372	293.796	283.668	288.266	
1551.59	1315.66	1228.81	1083.64	762.711	519.291	502.299	357.217	278.253	316.143	305.056	309.797	
1491.07	1266.19	1183.69	1043.79	740.904	507.751	491.641	353.237	273.572	287.008	276.808	281.681	
1563.5	1328.85	1241.96	1096.99	778.722	533.128	515.889	367.724	277.78	297.913	287.035	291.934	
1478.01	1252.62	1170.73	1031.05	725.89	492.912	476.776	339.487	267.149	302.965	291.155	295.992	
1552.32	1316.94	1229.69	1084.53	767.668	524.241	506.993	359.56	280.828	309.655	299.312	304.311	
1488.92	1265.05	1182.19	1044.14	739.566	506.551	490.258	351.188	269.403	289.056	278.685	283.45	
1561.73	1326.71	1239.87	1095.09	774.328	531.135	513.879	368.261	283.139	298.972	288.615	293.595	
1491.63	1267.14	1184.61	1045.46	743.402	509.783	493.56	355.222	276.791	285.463	275.032	279.547	
1574.19	1340.16	1253.13	1108.41	789.829	544.389	527.229	379.793	286.422	290.705	280.156	285.229	
1464.75	1238.57	1156.06	1016.21	713.587	482.332	466.087	327.554	262.591	309.622	297.961	302.837	
1575.03	1340.46	1253.59	1108.93	788.871	545.319	528.128	383.35	294.686	293.343	283.153	288.163	
1503.76	1281.45	1198.38	1060.88	757.709	524.406	507.837	367.385	275.948	267.812	258.345	263.016	
1553.41	1317.02	1229.98	1083.81	766.876	523.421	506.502	360.877	288.599	316.785	305.964	310.846	
1469.77	1243.68	1161.63	1020.45	720.359	486.955	470.93	334.504	264.522	305.007	294.087	299.292	
1564.9	1330.16	1242.72	1097.32	780.906	535.934	518.873	370.893	283.37	299.236	288.062	292.801	
1494.32	1270.78	1187.87	1050.09	747.567	514.184	497.677	356.067	272.396	294.619	283.842	288.346	
1556.91	1321.63	1235.37	1090.01	767.987	523.317	506.274	361.229	275.167	295.705	283.769	288.955	
1497.39	1273.51	1190.62	1053.34	747.751	515.492	499.004	359.152	277.771	288.841	279.776	284.4	
1577.5	1342.92	1256.46	1111.43	793.211	548.388	530.99	384.887	295.165	297.469	287.195	291.868	
1488.57	1264.42	1181.88	1043.89	738.998	506.629	490.094	350.863	273.541	297.158	286.153	290.852	
1565.52	1330.41	1243.87	1097.95	780.369	534.814	517.728	372.325	287.893	301.314	291.434	296.28	
1471.74	1247.79	1166.23	1027.61	720.577	485.96	469.529	330.993	246.596	294.406	281.725	287.158	
1558.86	1322.81	1236.55	1091.47	769.895	527.413	510.142	365.759	291.744	309.934	299.062	304.248	
1512.25	1290.55	1206.51	1069.92	767.731	535.451	518.767	376.066	281.255	268.282	259.315	263.823	
1571.64	1336.9	1250.12	1104.49	786.212	541.151	524.075	377.457	287.131	292.705	281.512	286.478	
1499.02	1276.52	1192.68	1055.43	754.339	521.898	505.283	363.07	270.859	267.984	258.08	262.536	
1571.24	1335.8	1249.17	1102.85	785.169	540.474	523.568	378.989	294.807	300.776	291.089	295.849	
1469.85	1245.79	1163.35	1024.71	722.74	488.755	472.229	331.156	255.011	291.424	281.558	286.383	
1582.52	1347.55	1261.21	1115.44	793.983	548.988	532.019	387.496	292.469	293.472	282.599	287.435	
1480.35	1255.55	1173.74	1034.99	727.424	493.369	477.164	339.547	264.187	305.428	294.52	299.748	
1545.93	1310.03	1223.62	1077.85	758.367	514.922	497.745	352.478	273.197	309.741	298.214	303.534	
1490.23	1266.5	1184.08	1045.36	742.942	508.179	491.817	351.333	266.67	283.342	272.976	277.638	
1554.17	1318.19	1231.86	1086.16	766.256	520.589	503.676	357.821	273.775	312.906	300.486	305.523	
1475.93	1250.84	1168.81	1029.32	724.646	492.144	475.928	338.956	267.469	293.38	282.707	287.835	
1568.22	1332.9	1246.19	1100.57	783.646	539.79	522.685	378.458	298.238	296.494	286.177	291.342	
1502.92	1279.56	1196.46	1058.25	754.074	522.671	506.354	367.939	280.584	283.462	273.817	278.493	
1587.57	1353.0	1266.41	1120.9	801.107	555.118	538.053	391.882	301.749	299.889	289.117	294.074	
1493.04	1268.26	1185.18	1047.13	742.204	512.91	496.374	357.229	285.439	297.547	287.632	292.412	
